0,0
0,1
0,2
0,3
0,4
0,5
0,6
0,7
0,8
0,9
0,10
0,11
0,12
0,13
0,14
0,15
0,16
0,17
0,18
1,0
1,2
1,4
1,6
1,8
1,10
1,12
1,14
1,16
1,18
2,0
2,1
2,2
2,3
2,4
2,5
2,6
2,7
2,8
2,9
2,10
2,11
2,12
2,13
2,14
2,15
2,16
2,17
2,18
3,0
3,2
3,4
3,6
3,8
3,10
3,12
3,14
3,16
3,18
4,0
4,1
4,2
4,3
4,4
4,5
4,6
4,7
4,8
4,9
4,10
4,11
4,12
4,13
4,14
4,15
4,16
4,17
4,18
5,0
5,2
5,4
5,6
5,8
5,10
5,12
5,14
5,16
5,18
6,0
6,1
6,2
6,3
6,4
6,5
6,6
6,7
6,8
6,9
6,10
6,11
6,12
6,13
6,14
6,15
6,16
6,17
6,18
7,0
7,2
7,4
7,6
7,8
7,10
7,12
7,14
7,16
7,18
8,0
8,1
8,2
8,3
8,4
8,5
8,6
8,7
8,8
8,9
8,10
8,11
8,12
8,13
8,14
8,15
8,16
8,17
8,18
9,0
9,2
9,4
9,6
9,8
9,10
9,12
9,14
9,16
9,18
10,0
10,1
10,2
10,3
10,4
10,5
10,6
10,7
10,8
10,9
10,10
10,11
10,12
10,13
10,14
10,15
10,16
10,17
10,18
11,0
11,2
11,4
11,6
11,8
11,10
11,12
11,14
11,16
11,18
12,0
12,1
12,2
12,3
12,4
12,5
12,6
12,7
12,8
12,9
12,10
12,11
12,12
12,13
12,14
12,15
12,16
12,17
12,18
13,0
13,2
13,4
13,6
13,8
13,10
13,12
13,14
13,16
13,18
14,0
14,1
14,2
14,3
14,4
14,5
14,6
14,7
14,8
14,9
14,10
14,11
14,12
14,13
14,14
14,15
14,16
14,17
14,18
15,0
15,2
15,4
15,6
15,8
15,10
15,12
15,14
15,16
15,18
16,0
16,1
16,2
16,3
16,4
16,5
16,6
16,7
16,8
16,9
16,10
16,11
16,12
16,13
16,14
16,15
16,16
16,17
16,18
17,0
17,2
17,4
17,6
17,8
17,10
17,12
17,14
17,16
17,18
18,0
18,1
18,2
18,3
18,4
18,5
18,6
18,7
18,8
18,9
18,10
18,11
18,12
18,13
18,14
18,15
18,16
18,17
18,18
