-2,6.92820323
-2,5.196152423
-1.5,7.794228634
-1.5,6.062177826
-1.5,4.330127019
-0.5,14.722431864
-0.5,12.990381057
-0.5,7.794228634
-0.5,4.330127019
-0.5,2.598076211
-0.5,0.866025404
0,0
0,1.73205080757
0,3.46410161514
0,8.660254038
0,12.124355653
0,13.856406461
0,15.588457268
0.5,6.062177826
1,0
1,3.46410161514
1,8.660254038
1,10.392304845
1,12.124355653
1,15.588457268
1.5,-0.866025404
1.5,4.330127019
1.5,7.794228634
1.5,9.526279442
1.5,11.258330249
1.5,16.454482672
2,1.73205080757
2,13.856406461
2.5,4.330127019
2.5,6.062177826
2.5,7.794228634
2.5,11.258330249
2.5,16.454482672
2.5,-0.866025404
3,0
3,3.46410161514
3,6.92820323
3,5.196152423
3,12.124355653
3,15.588457268
3.5,9.526279442
4,0
4,1.73205080757
4,3.46410161514
4,6.92820323
4,12.124355653
4,13.856406461
4,15.588457268
4.5,-0.866025404
4.5,0.866025404
4.5,2.598076211
4.5,7.794228634
4.5,11.258330249
4.5,12.990381057
4.5,14.722431864
5,5.196152423
5.500000000000000000e+00,-8.660254040000000542e-01
5.500000000000000000e+00,2.598076211139999980e+00
5.500000000000000000e+00,7.794228633999999545e+00
5.500000000000000000e+00,9.526279440999999792e+00
5.500000000000000000e+00,1.125833024900000012e+01
5.500000000000000000e+00,1.472243186400000070e+01
6.000000000000000000e+00,-1.732050808000000108e+00
6.000000000000000000e+00,3.464101614999999690e+00
6.000000000000000000e+00,6.928203230000000268e+00
6.000000000000000000e+00,8.660254037999999710e+00
6.000000000000000000e+00,1.039230484499999996e+01
6.000000000000000000e+00,1.558845726800000087e+01
6.500000000000000000e+00,8.660254035700000186e-01
6.500000000000000000e+00,1.299038105700000045e+01
7.000000000000000000e+00,3.464101614999999690e+00
7.000000000000000000e+00,5.196152421999999937e+00
7.000000000000000000e+00,6.928203230000000268e+00
7.000000000000000000e+00,1.039230484499999996e+01
7.000000000000000000e+00,1.558845726800000087e+01
7.000000000000000000e+00,-1.732050808000000108e+00
7.500000000000000000e+00,-8.660254040000000542e-01
7.500000000000000000e+00,2.598076211139999980e+00
7.500000000000000000e+00,6.062177826000000103e+00
7.500000000000000000e+00,4.330127018999999855e+00
7.500000000000000000e+00,1.125833024900000012e+01
7.500000000000000000e+00,1.472243186400000070e+01
8.000000000000000000e+00,8.660254037999999710e+00
8.500000000000000000e+00,-8.660254040000000542e-01
8.500000000000000000e+00,8.660254035700000186e-01
8.500000000000000000e+00,2.598076211139999980e+00
8.500000000000000000e+00,6.062177826000000103e+00
8.500000000000000000e+00,1.125833024900000012e+01
8.500000000000000000e+00,1.299038105700000045e+01
8.500000000000000000e+00,1.472243186400000070e+01
9.000000000000000000e+00,-1.732050808000000108e+00
9.000000000000000000e+00,0.000000000000000000e+00
9.000000000000000000e+00,1.732050806999999804e+00
9.000000000000000000e+00,6.928203230000000268e+00
9.000000000000000000e+00,1.039230484499999996e+01
9.000000000000000000e+00,1.212435565300000029e+01
9.000000000000000000e+00,1.385640646000000054e+01
9.500000000000000000e+00,4.330127018999999855e+00
1.000000000000000000e+01,-1.732050808000000108e+00
1.000000000000000000e+01,1.732050807140000037e+00
1.000000000000000000e+01,6.928203229999999380e+00
1.000000000000000000e+01,8.660254036999999627e+00
1.000000000000000000e+01,1.039230484499999996e+01
1.000000000000000000e+01,1.385640646000000054e+01
1.050000000000000000e+01,-2.598076212000000051e+00
1.050000000000000000e+01,2.598076210999999525e+00
1.050000000000000000e+01,6.062177826000000103e+00
1.050000000000000000e+01,7.794228633999999545e+00
1.050000000000000000e+01,9.526279440999999792e+00
1.050000000000000000e+01,1.472243186400000070e+01
1.100000000000000000e+01,-4.300000355783595296e-10
1.100000000000000000e+01,1.212435565300000029e+01
1.150000000000000000e+01,2.598076210999999525e+00
1.150000000000000000e+01,4.330127017999999772e+00
1.150000000000000000e+01,6.062177826000000103e+00
1.150000000000000000e+01,9.526279440999999792e+00
1.150000000000000000e+01,1.472243186400000070e+01
1.150000000000000000e+01,-2.598076212000000051e+00
1.200000000000000000e+01,-1.732050808000000108e+00
1.200000000000000000e+01,1.732050807140000037e+00
1.200000000000000000e+01,5.196152421999999937e+00
1.200000000000000000e+01,3.464101614999999690e+00
1.200000000000000000e+01,1.039230484499999996e+01
1.200000000000000000e+01,1.385640646000000054e+01
1.250000000000000000e+01,7.794228633999999545e+00
1.300000000000000000e+01,-1.732050808000000108e+00
1.300000000000000000e+01,-4.300000355783595296e-10
1.300000000000000000e+01,1.732050807140000037e+00
1.300000000000000000e+01,5.196152421999999937e+00
1.300000000000000000e+01,1.039230484499999996e+01
1.300000000000000000e+01,1.212435565300000029e+01
1.300000000000000000e+01,1.385640646000000054e+01
1.350000000000000000e+01,-2.598076212000000051e+00
1.350000000000000000e+01,-8.660254040000000542e-01
1.350000000000000000e+01,8.660254029999998604e-01
1.350000000000000000e+01,6.062177826000000103e+00
1.350000000000000000e+01,9.526279440999999792e+00
1.350000000000000000e+01,1.125833024900000012e+01
1.350000000000000000e+01,1.299038105600000037e+01
1.400000000000000000e+01,3.464101614999999690e+00
1.450000000000000000e+01,-2.598076212000000051e+00
1.450000000000000000e+01,8.660254031400000940e-01
1.450000000000000000e+01,6.062177825999999214e+00
1.450000000000000000e+01,7.794228632999999462e+00
1.450000000000000000e+01,9.526279440999999792e+00
1.450000000000000000e+01,1.299038105600000037e+01
1.500000000000000000e+01,-3.464101616000000217e+00
1.500000000000000000e+01,1.732050806999999804e+00
1.500000000000000000e+01,5.196152422000000826e+00
1.500000000000000000e+01,6.928203229999999380e+00
1.500000000000000000e+01,8.660254036999999627e+00
1.500000000000000000e+01,1.385640646000000054e+01
1.550000000000000000e+01,-8.660254044299999787e-01
1.550000000000000000e+01,1.125833024900000012e+01
1.600000000000000000e+01,1.732050806999999804e+00
1.600000000000000000e+01,3.464101614000000051e+00
1.600000000000000000e+01,5.196152422000000826e+00
1.600000000000000000e+01,8.660254036999999627e+00
1.600000000000000000e+01,1.385640646000000054e+01
1.600000000000000000e+01,-3.464101616000000217e+00
1.650000000000000000e+01,-2.598076212000000051e+00
1.650000000000000000e+01,8.660254031400000940e-01
1.650000000000000000e+01,4.330127018000000660e+00
1.650000000000000000e+01,2.598076210999999969e+00
1.650000000000000000e+01,9.526279440999999792e+00
1.650000000000000000e+01,1.299038105600000037e+01
1.700000000000000000e+01,6.928203229999999380e+00
1.750000000000000000e+01,-2.598076212000000051e+00
1.750000000000000000e+01,-8.660254044299999787e-01
1.750000000000000000e+01,8.660254031400000940e-01
1.750000000000000000e+01,4.330127018000000660e+00
1.750000000000000000e+01,9.526279440999999792e+00
1.750000000000000000e+01,1.125833024900000012e+01
1.750000000000000000e+01,1.299038105600000037e+01
1.800000000000000000e+01,-3.464101616000000217e+00
1.800000000000000000e+01,-1.732050807999999886e+00
1.800000000000000000e+01,-1.000000082740370999e-09
1.800000000000000000e+01,5.196152422000000826e+00
1.800000000000000000e+01,8.660254036999999627e+00
1.800000000000000000e+01,1.039230484499999996e+01
1.800000000000000000e+01,1.212435565200000021e+01
1.850000000000000000e+01,2.598076210999999969e+00
1.900000000000000000e+01,-3.464101616000000217e+00
1.900000000000000000e+01,-8.600000711567190592e-10
1.900000000000000000e+01,5.196152421999999049e+00
1.900000000000000000e+01,6.928203228999999297e+00
1.900000000000000000e+01,8.660254036999999627e+00
1.900000000000000000e+01,1.212435565200000021e+01
1.950000000000000000e+01,-4.330127019999999938e+00
1.950000000000000000e+01,8.660254029999996384e-01
1.950000000000000000e+01,4.330127018000000660e+00
1.950000000000000000e+01,6.062177825999999214e+00
1.950000000000000000e+01,7.794228632999999462e+00
1.950000000000000000e+01,1.299038105600000037e+01
2.000000000000000000e+01,-1.732050808430000144e+00
2.000000000000000000e+01,1.039230484499999996e+01
2.050000000000000000e+01,8.660254029999996384e-01
2.050000000000000000e+01,2.598076209999999886e+00
2.050000000000000000e+01,4.330127018000000660e+00
2.050000000000000000e+01,7.794228632999999462e+00
2.050000000000000000e+01,1.299038105600000037e+01
2.050000000000000000e+01,-4.330127019999999938e+00
2.100000000000000000e+01,-3.464101616000000217e+00
2.100000000000000000e+01,-8.600000711567190592e-10
2.100000000000000000e+01,3.464101614000000051e+00
2.100000000000000000e+01,1.732050806999999804e+00
2.100000000000000000e+01,8.660254036999999627e+00
2.100000000000000000e+01,1.212435565200000021e+01
2.150000000000000000e+01,6.062177825999999214e+00
2.200000000000000000e+01,-3.464101616000000217e+00
2.200000000000000000e+01,-1.732050808430000144e+00
2.200000000000000000e+01,-8.600000711567190592e-10
2.200000000000000000e+01,3.464101614000000051e+00
2.200000000000000000e+01,8.660254036999999627e+00
2.200000000000000000e+01,1.039230484499999996e+01
2.200000000000000000e+01,1.212435565200000021e+01
2.250000000000000000e+01,-4.330127019999999938e+00
2.250000000000000000e+01,-2.598076212000000051e+00
2.250000000000000000e+01,-8.660254050000002479e-01
2.250000000000000000e+01,4.330127018000000660e+00
2.250000000000000000e+01,7.794228632999999462e+00
2.250000000000000000e+01,9.526279440999999792e+00
2.250000000000000000e+01,1.125833024800000004e+01
2.300000000000000000e+01,1.732050806999999804e+00
2.350000000000000000e+01,-4.330127019999999938e+00
2.350000000000000000e+01,-8.660254048599997923e-01
2.350000000000000000e+01,4.330127017999999772e+00
2.350000000000000000e+01,6.062177825000000020e+00
2.350000000000000000e+01,7.794228633000000350e+00
2.350000000000000000e+01,1.125833024800000004e+01
2.400000000000000000e+01,-5.196152424000000103e+00
2.400000000000000000e+01,-1.000000082740370999e-09
2.400000000000000000e+01,3.464101614000000495e+00
2.400000000000000000e+01,5.196152421999999937e+00
2.400000000000000000e+01,6.928203229000000185e+00
2.400000000000000000e+01,1.212435565200000198e+01
2.450000000000000000e+01,-2.598076212429999643e+00
2.450000000000000000e+01,9.526279440999999792e+00
2.500000000000000000e+01,-1.000000082740370999e-09
2.500000000000000000e+01,1.732050806000000165e+00
2.500000000000000000e+01,3.464101614000000495e+00
2.500000000000000000e+01,6.928203229000000185e+00
2.500000000000000000e+01,1.212435565200000198e+01
2.500000000000000000e+01,-5.196152424000000103e+00
2.550000000000000000e+01,-4.330127019999999938e+00
2.550000000000000000e+01,-8.660254048599997923e-01
2.550000000000000000e+01,2.598076210000000330e+00
2.550000000000000000e+01,8.660254030000000824e-01
2.550000000000000000e+01,7.794228633000000350e+00
2.550000000000000000e+01,1.125833024800000004e+01
2.600000000000000000e+01,5.196152421999999937e+00
2.650000000000000000e+01,-4.330127019999999938e+00
2.650000000000000000e+01,-2.598076212429999643e+00
2.650000000000000000e+01,-8.660254048599997923e-01
2.650000000000000000e+01,2.598076210000000330e+00
2.650000000000000000e+01,7.794228633000000350e+00
2.650000000000000000e+01,9.526279440999999792e+00
2.650000000000000000e+01,1.125833024800000004e+01
2.700000000000000000e+01,-5.196152424000000103e+00
2.700000000000000000e+01,-3.464101615999999773e+00
2.700000000000000000e+01,-1.732050808999999969e+00
2.700000000000000000e+01,3.464101614000000495e+00
2.700000000000000000e+01,6.928203229000000185e+00
2.700000000000000000e+01,8.660254037000001404e+00
2.700000000000000000e+01,1.039230484400000165e+01
2.750000000000000000e+01,8.660254030000000824e-01
2.800000000000000000e+01,-5.196152424000000103e+00
2.800000000000000000e+01,-1.732050808859999957e+00
2.800000000000000000e+01,3.464101613999999607e+00
2.800000000000000000e+01,5.196152420999999855e+00
2.800000000000000000e+01,6.928203229000000185e+00
2.800000000000000000e+01,1.039230484400000165e+01
2.850000000000000000e+01,-6.062177828000000268e+00
2.850000000000000000e+01,-8.660254050000002479e-01
2.850000000000000000e+01,2.598076210000000330e+00
2.850000000000000000e+01,4.330127017999999772e+00
2.850000000000000000e+01,6.062177825000000020e+00
2.850000000000000000e+01,1.125833024800000004e+01
2.900000000000000000e+01,-3.464101616429999808e+00
2.900000000000000000e+01,8.660254037000001404e+00
2.950000000000000000e+01,-8.660254050000002479e-01
2.950000000000000000e+01,8.660254019999999997e-01
2.950000000000000000e+01,2.598076210000000330e+00
2.950000000000000000e+01,6.062177825000000020e+00
2.950000000000000000e+01,1.125833024800000004e+01
2.950000000000000000e+01,-6.062177828000000268e+00
3.000000000000000000e+01,-5.196152424000000103e+00
3.000000000000000000e+01,-1.732050808859999957e+00
3.000000000000000000e+01,1.732050806000000165e+00
3.000000000000000000e+01,-1.000000082740370999e-09
3.000000000000000000e+01,6.928203229000000185e+00
3.000000000000000000e+01,1.039230484400000165e+01
3.050000000000000000e+01,4.330127017999999772e+00
3.100000000000000000e+01,-5.196152424000000103e+00
3.100000000000000000e+01,-3.464101616429999808e+00
3.100000000000000000e+01,-1.732050808859999957e+00
3.100000000000000000e+01,1.732050806000000165e+00
3.100000000000000000e+01,6.928203229000000185e+00
3.100000000000000000e+01,8.660254037000001404e+00
3.100000000000000000e+01,1.039230484400000165e+01
3.150000000000000000e+01,-6.062177828000000268e+00
3.150000000000000000e+01,-4.330127019999999938e+00
3.150000000000000000e+01,-2.598076213000000134e+00
3.150000000000000000e+01,2.598076210000000330e+00
3.150000000000000000e+01,6.062177825000000020e+00
3.150000000000000000e+01,7.794228633000000350e+00
3.150000000000000000e+01,9.526279439999999710e+00
3.200000000000000000e+01,-1.000000082740370999e-09
3.250000000000000000e+01,-6.062177828000000268e+00
3.250000000000000000e+01,-2.598076212860000123e+00
3.250000000000000000e+01,2.598076209999999442e+00
3.250000000000000000e+01,4.330127016999999690e+00
3.250000000000000000e+01,6.062177825000000020e+00
3.250000000000000000e+01,9.526279439999999710e+00
3.300000000000000000e+01,-6.928203232000000433e+00
3.300000000000000000e+01,-1.732050809000000413e+00
3.300000000000000000e+01,1.732050806000000165e+00
3.300000000000000000e+01,3.464101613999999607e+00
3.300000000000000000e+01,5.196152420999999855e+00
3.300000000000000000e+01,1.039230484400000165e+01
3.350000000000000000e+01,-4.330127020429999973e+00
3.350000000000000000e+01,7.794228633000000350e+00
3.400000000000000000e+01,-1.732050809000000413e+00
3.400000000000000000e+01,-2.000000165480741998e-09
3.400000000000000000e+01,1.732050806000000165e+00
3.400000000000000000e+01,5.196152420999999855e+00
3.400000000000000000e+01,1.039230484400000165e+01
3.400000000000000000e+01,-6.928203232000000433e+00
3.450000000000000000e+01,-6.062177828000000268e+00
3.450000000000000000e+01,-2.598076212860000123e+00
3.450000000000000000e+01,8.660254019999999997e-01
3.450000000000000000e+01,-8.660254050000002479e-01
3.450000000000000000e+01,6.062177825000000020e+00
3.450000000000000000e+01,9.526279439999999710e+00
3.500000000000000000e+01,3.464101613999999607e+00
3.550000000000000000e+01,-6.062177828000000268e+00
3.550000000000000000e+01,-4.330127020429999973e+00
3.550000000000000000e+01,-2.598076212860000123e+00
3.550000000000000000e+01,8.660254019999999997e-01
3.550000000000000000e+01,6.062177825000000020e+00
3.550000000000000000e+01,7.794228633000000350e+00
3.550000000000000000e+01,9.526279439999999710e+00
3.600000000000000000e+01,-6.928203232000000433e+00
3.600000000000000000e+01,-5.196152424000000103e+00
3.600000000000000000e+01,-3.464101617000000299e+00
3.600000000000000000e+01,1.732050806000000165e+00
3.600000000000000000e+01,5.196152420999999855e+00
3.600000000000000000e+01,6.928203229000000185e+00
3.600000000000000000e+01,8.660254036000001321e+00
3.650000000000000000e+01,-8.660254050000002479e-01
3.700000000000000000e+01,-6.928203232000000433e+00
3.700000000000000000e+01,-3.464101616860000288e+00
3.700000000000000000e+01,1.732050805999999277e+00
3.700000000000000000e+01,3.464101612999999524e+00
3.700000000000000000e+01,5.196152420999999855e+00
3.700000000000000000e+01,8.660254036000001321e+00
3.750000000000000000e+01,-7.794228636000000598e+00
3.750000000000000000e+01,-2.598076213000000578e+00
3.750000000000000000e+01,8.660254019999999997e-01
3.750000000000000000e+01,2.598076209999999442e+00
3.750000000000000000e+01,4.330127016999999690e+00
3.750000000000000000e+01,9.526279439999999710e+00
3.800000000000000000e+01,-5.196152424430000138e+00
3.800000000000000000e+01,6.928203229000000185e+00
3.850000000000000000e+01,-2.598076213000000578e+00
3.850000000000000000e+01,-8.660254060000003307e-01
3.850000000000000000e+01,8.660254019999999997e-01
3.850000000000000000e+01,4.330127016999999690e+00
3.850000000000000000e+01,9.526279439999999710e+00
3.850000000000000000e+01,-7.794228636000000598e+00
3.900000000000000000e+01,-6.928203232000000433e+00
3.900000000000000000e+01,-3.464101616860000288e+00
3.900000000000000000e+01,-2.000000165480741998e-09
3.900000000000000000e+01,-1.732050809000000413e+00
3.900000000000000000e+01,5.196152420999999855e+00
3.900000000000000000e+01,8.660254036000001321e+00
4.000000000000000000e+01,-6.928203232000000433e+00
4.000000000000000000e+01,-5.196152424430000138e+00
4.000000000000000000e+01,-3.464101616860000288e+00
4.000000000000000000e+01,5.196152420999999855e+00
4.000000000000000000e+01,6.928203229000000185e+00
4.000000000000000000e+01,8.660254036000001321e+00
4.050000000000000000e+01,-6.062177828000000268e+00
4.050000000000000000e+01,-4.330127021000000909e+00
4.050000000000000000e+01,6.062177825000000020e+00
4.050000000000000000e+01,7.794228632000000268e+00

