-0.5,-2.59807621135
-0.5,-0.86602540378
-0.5,0.86602540378
-0.5,2.59807621135
0,-1.73205080757
0,1.73205080757
0.5,-2.59807621135
0.5,-0.86602540378
0.5,0.86602540378
0.5,2.59807621135
1,-3.46410161514
1,0
1,3.46410161514
1.5,-2.59807621135
1.5,-0.86602540378
1.5,0.86602540378
1.5,2.59807621135
2,-1.73205080757
2,1.73205080757
2.5,-2.59807621135
2.5,-0.86602540378
2.5,0.86602540378
2.5,2.59807621135
3,-3.46410161514
3,0
3,3.46410161514
3.5,-2.59807621135
3.5,-0.86602540378
3.5,0.86602540378
3.5,2.59807621135
4,-1.73205080757
4,1.73205080757
4.5,-2.59807621135
4.5,-0.86602540378
4.5,0.86602540378
4.5,2.59807621135
5,-3.46410161514
5,0
5,3.46410161514
5.5,-2.59807621135
5.5,-0.86602540378
5.5,0.86602540378
5.5,2.59807621135
6,-1.73205080757
6,1.73205080757
6.5,-2.59807621135
6.5,-0.86602540378
6.5,0.86602540378
6.5,2.59807621135
7,0
7.5,-0.86602540378
7.5,0.86602540378
