-2,6.92820323
-2,5.196152423
-1.5,7.794228634
-1.5,6.062177826
-1.5,4.330127019
-0.5,14.722431864
-0.5,12.990381057
-0.5,7.794228634
-0.5,4.330127019
-0.5,2.598076211
-0.5,0.866025404
0,0
0,1.73205080757
0,3.46410161514
0,8.660254038
0,12.124355653
0,13.856406461
0,15.588457268
0.5,6.062177826
1,0
1,3.46410161514
1,8.660254038
1,10.392304845
1,12.124355653
1,15.588457268
1.5,-0.866025404
1.5,4.330127019
1.5,7.794228634
1.5,9.526279442
1.5,11.258330249
1.5,16.454482672
2,1.73205080757
2,13.856406461
2.5,4.330127019
2.5,6.062177826
2.5,7.794228634
2.5,11.258330249
2.5,16.454482672
2.5,-0.866025404
3,0
3,3.46410161514
3,6.92820323
3,5.196152423
3,12.124355653
3,15.588457268
3.5,9.526279442
4,0
4,1.73205080757
4,3.46410161514
4,6.92820323
4,12.124355653
4,13.856406461
4,15.588457268
4.5,0.866025404
4.5,2.598076211
4.5,7.794228634
4.5,11.258330249
4.5,12.990381057
4.5,14.722431864
5.5,7.794228634
5.5,9.526279442
5.5,11.258330249
6,8.660254038
6,10.392304845
