-1.732051,1.732051
-0.732051,0.000000
0.000000,2.732051
0.000000,4.196152
0.732051,0.000000
1.732051,1.732051
-1.732051,8.660254
-0.732051,6.928203
0.000000,9.660254
0.000000,11.124356
0.732051,6.928203
1.732051,8.660254
-1.732051,15.588457
-0.732051,13.856406
0.000000,16.588457
0.000000,18.052559
0.732051,13.856406
1.732051,15.588457
-1.732051,22.516661
-0.732051,20.784610
0.000000,23.516661
0.000000,24.980762
0.732051,20.784610
1.732051,22.516661
-1.732051,29.444864
-0.732051,27.712813
0.000000,30.444864
0.000000,31.908965
0.732051,27.712813
1.732051,29.444864
1.732051,5.196152
2.732051,3.464102
3.464102,6.196152
3.464102,7.660254
4.196152,3.464102
5.196152,5.196152
1.732051,12.124356
2.732051,10.392305
3.464102,13.124356
3.464102,14.588457
4.196152,10.392305
5.196152,12.124356
1.732051,19.052559
2.732051,17.320508
3.464102,20.052559
3.464102,21.516661
4.196152,17.320508
5.196152,19.052559
1.732051,25.980762
2.732051,24.248711
3.464102,26.980762
3.464102,28.444864
4.196152,24.248711
5.196152,25.980762
1.732051,32.908965
2.732051,31.176915
3.464102,33.908965
3.464102,35.373067
4.196152,31.176915
5.196152,32.908965
5.196152,1.732051
6.196152,0.000000
6.928203,2.732051
6.928203,4.196152
7.660254,0.000000
8.660254,1.732051
5.196152,8.660254
6.196152,6.928203
6.928203,9.660254
6.928203,11.124356
7.660254,6.928203
8.660254,8.660254
5.196152,15.588457
6.196152,13.856406
6.928203,16.588457
6.928203,18.052559
7.660254,13.856406
8.660254,15.588457
5.196152,22.516661
6.196152,20.784610
6.928203,23.516661
6.928203,24.980762
7.660254,20.784610
8.660254,22.516661
5.196152,29.444864
6.196152,27.712813
6.928203,30.444864
6.928203,31.908965
7.660254,27.712813
8.660254,29.444864
8.660254,5.196152
9.660254,3.464102
10.392305,6.196152
10.392305,7.660254
11.124356,3.464102
12.124356,5.196152
8.660254,12.124356
9.660254,10.392305
10.392305,13.124356
10.392305,14.588457
11.124356,10.392305
12.124356,12.124356
8.660254,19.052559
9.660254,17.320508
10.392305,20.052559
10.392305,21.516661
11.124356,17.320508
12.124356,19.052559
8.660254,25.980762
9.660254,24.248711
10.392305,26.980762
10.392305,28.444864
11.124356,24.248711
12.124356,25.980762
8.660254,32.908965
9.660254,31.176915
10.392305,33.908965
10.392305,35.373067
11.124356,31.176915
12.124356,32.908965
12.124356,1.732051
13.124356,0.000000
13.856406,2.732051
13.856406,4.196152
14.588457,0.000000
15.588457,1.732051
12.124356,8.660254
13.124356,6.928203
13.856406,9.660254
13.856406,11.124356
14.588457,6.928203
15.588457,8.660254
12.124356,15.588457
13.124356,13.856406
13.856406,16.588457
13.856406,18.052559
14.588457,13.856406
15.588457,15.588457
12.124356,22.516661
13.124356,20.784610
13.856406,23.516661
13.856406,24.980762
14.588457,20.784610
15.588457,22.516661
12.124356,29.444864
13.124356,27.712813
13.856406,30.444864
13.856406,31.908965
14.588457,27.712813
15.588457,29.444864
15.588457,5.196152
16.588457,3.464102
17.320508,6.196152
17.320508,7.660254
18.052559,3.464102
19.052559,5.196152
15.588457,12.124356
16.588457,10.392305
17.320508,13.124356
17.320508,14.588457
18.052559,10.392305
19.052559,12.124356
15.588457,19.052559
16.588457,17.320508
17.320508,20.052559
17.320508,21.516661
18.052559,17.320508
19.052559,19.052559
15.588457,25.980762
16.588457,24.248711
17.320508,26.980762
17.320508,28.444864
18.052559,24.248711
19.052559,25.980762
15.588457,32.908965
16.588457,31.176915
17.320508,33.908965
17.320508,35.373067
18.052559,31.176915
19.052559,32.908965
19.052559,1.732051
20.052559,0.000000
20.784610,2.732051
20.784610,4.196152
21.516661,0.000000
22.516661,1.732051
19.052559,8.660254
20.052559,6.928203
20.784610,9.660254
20.784610,11.124356
21.516661,6.928203
22.516661,8.660254
19.052559,15.588457
20.052559,13.856406
20.784610,16.588457
20.784610,18.052559
21.516661,13.856406
22.516661,15.588457
19.052559,22.516661
20.052559,20.784610
20.784610,23.516661
20.784610,24.980762
21.516661,20.784610
22.516661,22.516661
19.052559,29.444864
20.052559,27.712813
20.784610,30.444864
20.784610,31.908965
21.516661,27.712813
22.516661,29.444864
-1.732051,5.196152
-2.732049,3.464102
-1.732051,12.124356
-2.732049,10.392305
-1.732051,19.052559
-2.732049,17.320508
-1.732051,25.980762
-2.732049,24.248711
22.516661,5.196152
23.516659,3.464102
22.516661,12.124356
23.516659,10.392305
22.516661,19.052559
23.516659,17.320508
22.516661,25.980762
23.516659,24.248711
