0,0
0,1
1,0
0,2
0,3
1,2
0,4
0,5
1,4
0,6
0,7
1,6
0,8
0,9
1,8
0,10
0,11
1,10
0,12
0,13
1,12
0,14
0,15
1,14
0,16
0,17
1,16
0,18
0,19
1,18
0,20
0,21
1,20
0,22
0,23
1,22
0,24
0,25
1,24
0,26
0,27
1,26
0,28
0,29
1,28
0,30
0,31
1,30
0,32
0,33
1,32
0,34
0,35
1,34
0,36
0,37
1,36
0,38
0,39
1,38
0,40
0,41
1,40
0,42
0,43
1,42
0,44
0,45
1,44
0,46
0,47
1,46
0,48
0,49
1,48
0,50
0,51
1,50
0,52
0,53
1,52
0,54
0,55
1,54
2,0
2,1
3,0
2,2
2,3
3,2
2,4
2,5
3,4
2,6
2,7
3,6
2,8
2,9
3,8
2,10
2,11
3,10
2,12
2,13
3,12
2,14
2,15
3,14
2,16
2,17
3,16
2,18
2,19
3,18
2,20
2,21
3,20
2,22
2,23
3,22
2,24
2,25
3,24
2,26
2,27
3,26
2,28
2,29
3,28
2,30
2,31
3,30
2,32
2,33
3,32
2,34
2,35
3,34
2,36
2,37
3,36
2,38
2,39
3,38
2,40
2,41
3,40
2,42
2,43
3,42
2,44
2,45
3,44
2,46
2,47
3,46
2,48
2,49
3,48
2,50
2,51
3,50
2,52
2,53
3,52
2,54
2,55
3,54
4,0
4,1
5,0
4,2
4,3
5,2
4,4
4,5
5,4
4,6
4,7
5,6
4,8
4,9
5,8
4,10
4,11
5,10
4,12
4,13
5,12
4,14
4,15
5,14
4,16
4,17
5,16
4,18
4,19
5,18
4,20
4,21
5,20
4,22
4,23
5,22
4,24
4,25
5,24
4,26
4,27
5,26
4,28
4,29
5,28
4,30
4,31
5,30
4,32
4,33
5,32
4,34
4,35
5,34
4,36
4,37
5,36
4,38
4,39
5,38
4,40
4,41
5,40
4,42
4,43
5,42
4,44
4,45
5,44
4,46
4,47
5,46
4,48
4,49
5,48
4,50
4,51
5,50
4,52
4,53
5,52
4,54
4,55
5,54
6,0
6,1
7,0
6,2
6,3
7,2
6,4
6,5
7,4
6,6
6,7
7,6
6,8
6,9
7,8
6,10
6,11
7,10
6,12
6,13
7,12
6,14
6,15
7,14
6,16
6,17
7,16
6,18
6,19
7,18
6,20
6,21
7,20
6,22
6,23
7,22
6,24
6,25
7,24
6,26
6,27
7,26
6,28
6,29
7,28
6,30
6,31
7,30
6,32
6,33
7,32
6,34
6,35
7,34
6,36
6,37
7,36
6,38
6,39
7,38
6,40
6,41
7,40
6,42
6,43
7,42
6,44
6,45
7,44
6,46
6,47
7,46
6,48
6,49
7,48
6,50
6,51
7,50
6,52
6,53
7,52
6,54
6,55
7,54
8,0
8,1
9,0
8,2
8,3
9,2
8,4
8,5
9,4
8,6
8,7
9,6
8,8
8,9
9,8
8,10
8,11
9,10
8,12
8,13
9,12
8,14
8,15
9,14
8,16
8,17
9,16
8,18
8,19
9,18
8,20
8,21
9,20
8,22
8,23
9,22
8,24
8,25
9,24
8,26
8,27
9,26
8,28
8,29
9,28
8,30
8,31
9,30
8,32
8,33
9,32
8,34
8,35
9,34
8,36
8,37
9,36
8,38
8,39
9,38
8,40
8,41
9,40
8,42
8,43
9,42
8,44
8,45
9,44
8,46
8,47
9,46
8,48
8,49
9,48
8,50
8,51
9,50
8,52
8,53
9,52
8,54
8,55
9,54
10,0
10,1
11,0
10,2
10,3
11,2
10,4
10,5
11,4
10,6
10,7
11,6
10,8
10,9
11,8
10,10
10,11
11,10
10,12
10,13
11,12
10,14
10,15
11,14
10,16
10,17
11,16
10,18
10,19
11,18
10,20
10,21
11,20
10,22
10,23
11,22
10,24
10,25
11,24
10,26
10,27
11,26
10,28
10,29
11,28
10,30
10,31
11,30
10,32
10,33
11,32
10,34
10,35
11,34
10,36
10,37
11,36
10,38
10,39
11,38
10,40
10,41
11,40
10,42
10,43
11,42
10,44
10,45
11,44
10,46
10,47
11,46
10,48
10,49
11,48
10,50
10,51
11,50
10,52
10,53
11,52
10,54
10,55
11,54
12,0
12,1
13,0
12,2
12,3
13,2
12,4
12,5
13,4
12,6
12,7
13,6
12,8
12,9
13,8
12,10
12,11
13,10
12,12
12,13
13,12
12,14
12,15
13,14
12,16
12,17
13,16
12,18
12,19
13,18
12,20
12,21
13,20
12,22
12,23
13,22
12,24
12,25
13,24
12,26
12,27
13,26
12,28
12,29
13,28
12,30
12,31
13,30
12,32
12,33
13,32
12,34
12,35
13,34
12,36
12,37
13,36
12,38
12,39
13,38
12,40
12,41
13,40
12,42
12,43
13,42
12,44
12,45
13,44
12,46
12,47
13,46
12,48
12,49
13,48
12,50
12,51
13,50
12,52
12,53
13,52
12,54
12,55
13,54
0,56
1,56
2,56
3,56
4,56
5,56
6,56
7,56
8,56
9,56
10,56
11,56
12,56
13,56
14,0
14,1
14,2
14,3
14,4
14,5
14,6
14,7
14,8
14,9
14,10
14,11
14,12
14,13
14,14
14,15
14,16
14,17
14,18
14,19
14,20
14,21
14,22
14,23
14,24
14,25
14,26
14,27
14,28
14,29
14,30
14,31
14,32
14,33
14,34
14,35
14,36
14,37
14,38
14,39
14,40
14,41
14,42
14,43
14,44
14,45
14,46
14,47
14,48
14,49
14,50
14,51
14,52
14,53
14,54
14,55
14,56
