0.000000000000000000e+00
0.000000000000000000e+00
0.000000000000000000e+00
0.000000000000000000e+00
0.000000000000000000e+00
0.000000000000000000e+00
0.000000000000000000e+00
0.000000000000000000e+00
-2.557792772705684032e-17
7.081489064347193532e-17
-3.692349412004243907e-17
5.834811426041538560e-17
1.504229457155006932e-04
1.022836197134953916e-16
1.009546300780614228e-03
5.739696527495491460e-17
1.504229457155756386e-04
-1.504229457155319995e-04
5.047731503902308948e-04
1.180688661743889599e-16
1.269677392078934823e-16
1.749440720851791646e-16
5.047731503903493981e-04
5.047731503903791052e-04
3.008458914313530473e-04
2.321178023828044221e-16
2.019092601562110564e-03
3.004413175939036517e-16
3.008458914313885549e-04
-3.008458914310593911e-04
1.009546300781333054e-03
3.089224258419779233e-16
4.483902830208896119e-16
2.555918605299381077e-16
1.009546300781286217e-03
1.009546300781125321e-03
4.512688371471540102e-04
1.407940628438343433e-16
3.028638902343063280e-03
2.299204061687054901e-16
4.512688371471907647e-04
-4.512688371465494049e-04
1.514319451171790981e-03
2.322625347148540364e-16
4.745351639405068507e-16
2.154334241547053727e-16
1.514319451171758238e-03
1.514319451171529905e-03
6.016917828629294402e-04
1.851760795268518286e-16
4.038185203124422355e-03
1.881821339530136926e-16
6.016917828629049373e-04
-6.016917828621933754e-04
2.019092601562565061e-03
2.022935192770093864e-16
8.347719468432977495e-16
1.875714614892496472e-16
2.019092601562559857e-03
2.019092601562008649e-03
7.521147285785467936e-04
2.241691552712840454e-16
5.047731503905754542e-03
1.386045383195917908e-16
7.521147285785263021e-04
-7.521147285775003216e-04
2.523865751953214241e-03
8.537005833723984318e-17
8.467269294043677293e-16
4.158537688748216628e-17
2.523865751953330034e-03
2.523865751952588006e-03
9.025376742940924811e-04
6.011638260214765279e-17
6.057277804687686944e-03
1.826362212158840936e-16
9.025376742940372952e-04
-9.025376742932684875e-04
3.028638902344117558e-03
5.895181670817187542e-17
6.688059167078824409e-16
1.625766237016438250e-16
3.028638902344129701e-03
3.028638902343624029e-03
1.052960620009752877e-03
1.049741302787562072e-16
7.066824105468681727e-03
1.634846441558035570e-16
1.052960620009766321e-03
-1.052960620008919993e-03
3.533412052734772376e-03
1.829301355243181725e-16
1.078324707693351265e-15
1.775163143508158875e-16
3.533412052734856510e-03
3.533412052734028613e-03
1.203383565725670663e-03
2.384951834113215617e-16
8.076370406249786665e-03
1.060944332929554187e-16
1.203383565725640739e-03
-1.203383565724338829e-03
4.038185203125497016e-03
1.013295549426289498e-16
1.261182086554367321e-15
1.659613516374131080e-16
4.038185203125499619e-03
4.038185203124455315e-03
1.353806511441370958e-03
1.894250135612269057e-16
9.085916707030959258e-03
2.058901689859102816e-16
1.353806511441356646e-03
-1.353806511439898828e-03
4.542958353516221223e-03
1.975927958581627417e-16
1.025619698697677956e-15
6.660056140675696391e-17
4.542958353516118875e-03
4.542958353515125745e-03
1.504229457156960230e-03
-3.616213940938217765e-17
1.009546300781278931e-02
-2.184621281323271787e-18
1.504229457157010971e-03
-1.504229457155866704e-03
5.047731503907067728e-03
1.292733173552056600e-17
1.406097838322048782e-15
1.166270155646201217e-16
5.047731503906928950e-03
5.047731503905830870e-03
1.654652402872779354e-03
2.256980491101709685e-16
1.110500930859421344e-02
2.815277966771050355e-16
1.654652402872717120e-03
-1.654652402871202056e-03
5.552504654297897753e-03
3.559435859923543470e-16
1.417283764713478560e-15
1.925416667063366963e-16
5.552504654297911631e-03
5.552504654296730284e-03
-8.029498217540505830e-17
1.186666279331859605e-16
2.753631764023621558e-18
6.329063621676746956e-17
-1.354288130494143609e-16
-8.032876480540081270e-17
-1.055168195992506285e-16
4.788894794567127493e-17
3.008458914312741174e-04
1.260719952949652305e-16
-1.488943629523298533e-16
-3.008458914312850136e-04
1.504229457156351342e-04
1.460425406077175502e-16
-1.278673221329378435e-17
4.604002698489744508e-17
1.504229457156505570e-04
1.504229457157150128e-04
5.047731503904230154e-04
-1.034466322343996078e-17
6.016917828624969520e-04
2.297318724273479834e-17
5.047731503905008611e-04
-9.691863247187127209e-05
3.008458914313001924e-04
6.977174487125088470e-18
1.916485735660076144e-16
6.031312409227790166e-17
3.008458914313669251e-04
3.008458914311339300e-04
1.009546300781313972e-03
3.244368609244672665e-17
9.025376742938040833e-04
1.234605723639563666e-17
1.009546300781207504e-03
1.070086264874577526e-04
4.512688371471799227e-04
5.635860597017138661e-17
4.913249255360764088e-16
1.231109233812188904e-16
4.512688371471643644e-04
4.512688371468093424e-04
1.514319451171813966e-03
2.914030808985628728e-17
1.203383565725125309e-03
3.320682747674463863e-17
1.514319451171781657e-03
3.109358854468490647e-04
6.016917828629761694e-04
1.625277526721361407e-17
6.152682664984365106e-16
3.929031753729949865e-17
6.016917828628224295e-04
6.016917828622703537e-04
2.019092601562552051e-03
3.446620188231859739e-17
1.504229457156131249e-03
4.680847489790939345e-17
2.019092601562593250e-03
5.148631444065178376e-04
7.521147285785039676e-04
1.226084114033781021e-16
8.678685581217864792e-16
7.406284766538940421e-17
7.521147285784990887e-04
7.521147285776908159e-04
2.523865751953272788e-03
7.767969281470766980e-17
1.805075348587457463e-03
8.589660339327808042e-17
2.523865751953328299e-03
7.187904033659730770e-04
9.025376742939853619e-04
4.219908257727980251e-17
6.195876342383401113e-16
1.115229466002525881e-16
9.025376742940517151e-04
9.025376742934797985e-04
3.028638902344100211e-03
9.027407120465183013e-17
2.105921240018758089e-03
6.056925676682990301e-17
3.028638902344017378e-03
9.227176623253678179e-04
1.052960620009742686e-03
4.768115446641526081e-17
8.376100753833893612e-16
-4.862302747203453164e-18
1.052960620009901413e-03
1.052960620009018222e-03
3.533412052734731176e-03
5.439608844893250073e-17
2.406767131450125718e-03
9.587123706925532601e-17
3.533412052734738115e-03
1.126644921284737947e-03
1.203383565725561809e-03
1.044412935482333454e-16
1.216304553759257117e-15
1.220022941492087474e-16
1.203383565725683890e-03
1.203383565724507748e-03
4.038185203125467526e-03
1.703724657421711820e-16
2.707613022881374953e-03
1.053570349332052776e-16
4.038185203125406811e-03
1.330572180244038146e-03
1.353806511441333444e-03
2.119860584717365278e-16
1.228624152136027542e-15
2.171979386086037682e-16
1.353806511441224374e-03
1.353806511440267674e-03
4.542958353516253316e-03
1.098507563196236305e-16
3.008458914312873989e-03
1.695862490777948291e-18
4.542958353516252448e-03
1.534499439203298879e-03
1.504229457156945919e-03
5.306374398656792586e-17
1.177432068186776493e-15
2.256462555471974650e-17
1.504229457156980396e-03
1.504229457155877112e-03
5.047731503906933287e-03
-3.592894813889833374e-17
3.309304805744069881e-03
1.352330161910417732e-16
5.047731503906965379e-03
1.738426698163034927e-03
1.654652402872610435e-03
1.119504176026361765e-16
1.409886389024696532e-15
9.651350908162818699e-17
1.654652402872704544e-03
1.654652402871329992e-03
5.552504654297882140e-03
1.594721423406849694e-16
3.610150697175326055e-03
1.909438503457244049e-16
5.552504654297928978e-03
1.942353957122755796e-03
-2.363470115647313724e-16
-1.504229457155902483e-04
1.504229457154321716e-04
-1.504229457156093573e-04
-1.673946753127637909e-16
-1.009546300781452100e-03
-1.673566354868814366e-16
-1.504229457155901127e-04
-1.504229457158137023e-04
-1.504229457155679950e-04
-1.895080097135906971e-16
9.930781135033506337e-17
1.504229457156718887e-04
-1.504229457155695942e-04
4.512688371468707624e-04
-1.504229457155755031e-04
1.504229457155875649e-04
-4.512688371469378745e-04
5.047731503904286533e-04
-1.504229457155203172e-04
5.582774636342081008e-04
-1.504229457155864807e-04
5.047731503904774424e-04
-2.039272589593091160e-04
3.008458914314195631e-04
-1.504229457156747347e-04
7.521147285781083422e-04
-1.504229457156443228e-04
3.008458914313098418e-04
1.070086264873437487e-04
1.009546300781132911e-03
-1.504229457156219341e-04
1.266977872984181765e-03
-1.504229457156556799e-04
1.009546300781099951e-03
-4.078545179186703279e-04
4.512688371470518242e-04
-1.504229457156838962e-04
1.052960620009585910e-03
-1.504229457155862909e-04
4.512688371470119798e-04
6.652860901215968846e-04
1.514319451171968357e-03
-1.504229457155988948e-04
1.975678282334409567e-03
-1.504229457156649227e-04
1.514319451172017796e-03
-6.117817768780812234e-04
6.016917828626956863e-04
-1.504229457156090321e-04
1.353806511440564095e-03
-1.504229457155341679e-04
6.016917828627398133e-04
1.223563553755943004e-03
2.019092601562572434e-03
-1.504229457154136588e-04
2.684378691684665991e-03
-1.504229457154791175e-04
2.019092601562575036e-03
-8.157090358375212839e-04
7.521147285784998476e-04
-1.504229457154866798e-04
1.654652402871847807e-03
-1.504229457155556622e-04
7.521147285784286155e-04
1.781841017390657211e-03
2.523865751953303579e-03
-1.504229457155099902e-04
3.393079101034935860e-03
-1.504229457155201275e-04
2.523865751953368632e-03
-1.019636294797117470e-03
9.025376742939384160e-04
-1.504229457156549751e-04
1.955498294303096175e-03
-1.504229457156134502e-04
9.025376742940282963e-04
2.340118481025361442e-03
3.028638902343989622e-03
-1.504229457154826683e-04
4.101779510384874830e-03
-1.504229457154871135e-04
3.028638902343941917e-03
-1.223563553756450194e-03
1.052960620009914640e-03
-1.504229457155095836e-04
2.256344185734474213e-03
-1.504229457154339605e-04
1.052960620009929602e-03
2.898395944659567375e-03
3.533412052734840030e-03
-1.504229457154862733e-04
4.810479919735016763e-03
-1.504229457155277440e-04
3.533412052734813142e-03
-1.427490812715818480e-03
1.203383565725669796e-03
-1.504229457156141278e-04
2.557190077165755106e-03
-1.504229457155390197e-04
1.203383565725539475e-03
3.456673408293883028e-03
4.038185203125373851e-03
-1.504229457156256746e-04
5.519180329084951396e-03
-1.504229457155593214e-04
4.038185203125400739e-03
-1.631418071675235339e-03
1.353806511441127446e-03
-1.504229457156229912e-04
2.858035968597300545e-03
-1.504229457156300114e-04
1.353806511441233915e-03
4.014950871928347868e-03
4.542958353516234234e-03
-1.504229457155315387e-04
6.227880738435204351e-03
-1.504229457156367605e-04
4.542958353516275867e-03
-1.835345330634613817e-03
1.504229457157010537e-03
-1.504229457156457594e-04
3.158881860028337710e-03
-1.504229457155800839e-04
1.504229457156989504e-03
4.573228335562665690e-03
5.047731503906892521e-03
-1.504229457154821533e-04
6.936581147785439959e-03
-1.504229457155113997e-04
5.047731503906904664e-03
-2.039272589594178561e-03
1.654652402872714952e-03
-1.504229457156151578e-04
3.459727751459631614e-03
-1.504229457154971966e-04
1.654652402872758103e-03
5.131505799197136168e-03
5.552504654297909896e-03
-1.504229457155346287e-04
7.645281557136150014e-03
-1.504229457155080928e-04
5.552504654297866528e-03
-2.243199848553742003e-03
-2.216784961064599885e-16
-5.047731503905976804e-04
-5.047731503909200137e-04
-5.047731503906260865e-04
-2.163334151484141542e-16
1.384646846376966032e-16
-1.674181562798875766e-16
-5.047731503905713343e-04
9.691863247188616632e-05
-5.047731503906718398e-04
-2.174483862167019179e-16
-6.016917828628223211e-04
1.504229457155558791e-04
-5.047731503906153529e-04
2.039272589592089899e-04
-5.047731503905725269e-04
1.504229457154758920e-04
-5.582774636343021011e-04
5.047731503904520720e-04
-5.047731503905753458e-04
-3.109358854466714723e-04
-5.047731503905774058e-04
5.047731503905465060e-04
3.109358854465544327e-04
3.008458914312970483e-04
-5.047731503905705753e-04
9.126276683091529745e-04
-5.047731503905570228e-04
3.008458914312305867e-04
-1.116554927268549125e-03
1.009546300781109058e-03
-5.047731503905080169e-04
-7.187904033653259167e-04
-5.047731503906446263e-04
1.009546300781154378e-03
1.223563553755843691e-03
4.512688371469879647e-04
-5.047731503906699967e-04
1.621328077659367874e-03
-5.047731503907290857e-04
4.512688371469914883e-04
-1.674832390903012447e-03
1.514319451172035794e-03
-5.047731503907693096e-04
-1.126644921284029313e-03
-5.047731503908128945e-04
1.514319451171989173e-03
2.136191222065143575e-03
6.016917828626935178e-04
-5.047731503907140153e-04
2.330028487009398134e-03
-5.047731503906977522e-04
6.016917828626548118e-04
-2.233109854537448664e-03
2.019092601562547714e-03
-5.047731503907031732e-04
-1.534499439202928299e-03
-5.047731503906778029e-04
2.019092601562678252e-03
3.048818890374916605e-03
7.521147285784070399e-04
-5.047731503906802966e-04
3.038728896359878338e-03
-5.047731503907275678e-04
7.521147285784145209e-04
-2.791387318172210141e-03
2.523865751953241997e-03
-5.047731503905957288e-04
-1.942353957121956088e-03
-5.047731503906469032e-04
2.523865751953178679e-03
3.961446558684458483e-03
9.025376742939721347e-04
-5.047731503905231957e-04
3.747429305709910549e-03
-5.047731503906024509e-04
9.025376742939857956e-04
-3.349664781806529264e-03
3.028638902343903754e-03
-5.047731503905751290e-04
-2.350208475040317310e-03
-5.047731503905823931e-04
3.028638902343906356e-03
4.874074226993666860e-03
1.052960620009864333e-03
-5.047731503905404345e-04
4.456129715060085442e-03
-5.047731503906022340e-04
1.052960620009935674e-03
-3.907942245440838847e-03
3.533412052734765003e-03
-5.047731503906611062e-04
-2.758062992958847017e-03
-5.047731503906583957e-04
3.533412052734738983e-03
5.786701895302867431e-03
1.203383565725518658e-03
-5.047731503906877776e-04
5.164830124410036555e-03
-5.047731503906131845e-04
1.203383565725578939e-03
-4.466219709075036105e-03
4.038185203125353034e-03
-5.047731503906994870e-04
-3.165917510877651678e-03
-5.047731503906676114e-04
4.038185203125454516e-03
6.699329563612401936e-03
1.353806511441321301e-03
-5.047731503906937407e-04
5.873530533760271295e-03
-5.047731503906315075e-04
1.353806511441310459e-03
-5.024497172709578574e-03
4.542958353516113670e-03
-5.047731503907371088e-04
-3.573772028796307586e-03
-5.047731503907387351e-04
4.542958353516172651e-03
7.611957231921869654e-03
1.504229457156956327e-03
-5.047731503907427466e-04
6.582230943110443586e-03
-5.047731503907276762e-04
1.504229457157012489e-03
-5.582774636344107165e-03
5.047731503906869970e-03
-5.047731503907139069e-04
-3.981626546715180334e-03
-5.047731503907845968e-04
5.047731503907040840e-03
8.524584900231639215e-03
1.654652402872760055e-03
-5.047731503908307838e-04
7.290931352460670520e-03
-5.047731503908967033e-04
1.654652402872783690e-03
-6.141052099978798820e-03
5.552504654297745097e-03
-5.047731503910213866e-04
-4.389481064634596051e-03
-5.047731503910474074e-04
5.552504654297730352e-03
9.437212568541224894e-03
-1.796485134283927900e-16
-3.008458914312299903e-04
3.008458914312089568e-04
-3.008458914313417716e-04
-3.477155263134553548e-16
-2.019092601562529066e-03
-2.248843269551703834e-16
-3.008458914313102755e-04
-3.008458914316353735e-04
-3.008458914314008606e-04
-2.340995468428650415e-16
8.065434099386686917e-17
1.504229457154775183e-04
-3.008458914314748032e-04
-1.070086264873767627e-04
-3.008458914314589196e-04
1.504229457154608216e-04
-7.521147285782958007e-04
5.047731503905886815e-04
-3.008458914313711535e-04
1.116554927268381941e-03
-3.008458914312724369e-04
5.047731503904797192e-04
-9.126276683092299528e-04
3.008458914312679374e-04
-3.008458914312821405e-04
-5.148631444061237301e-04
-3.008458914313444279e-04
3.008458914312678832e-04
5.148631444058483428e-04
1.009546300781065690e-03
-3.008458914313032824e-04
2.533955745968361796e-03
-3.008458914313535894e-04
1.009546300781115780e-03
-1.825255336618596949e-03
4.512688371469648170e-04
-3.008458914313676840e-04
-9.227176623245368853e-04
-3.008458914314829347e-04
4.512688371469442171e-04
1.781841017390078680e-03
1.514319451172038396e-03
-3.008458914314616844e-04
3.951356564668483465e-03
-3.008458914314214605e-04
1.514319451171954696e-03
-2.737883004928012409e-03
6.016917828626521013e-04
-3.008458914313577636e-04
-1.330572180243473493e-03
-3.008458914312754726e-04
6.016917828626515592e-04
3.048818890374400525e-03
2.019092601562631414e-03
-3.008458914311879775e-04
5.368757383368684931e-03
-3.008458914312290688e-04
2.019092601562573735e-03
-3.650510673237294078e-03
7.521147285784019441e-04
-3.008458914311731239e-04
-1.738426698162618377e-03
-3.008458914312401276e-04
7.521147285783645392e-04
4.315796763359014236e-03
2.523865751953242864e-03
-3.008458914313009514e-04
6.786158202068987011e-03
-3.008458914313191118e-04
2.523865751953222915e-03
-4.563138341547120017e-03
9.025376742940896622e-04
-3.008458914313022524e-04
-2.146281216081176273e-03
-3.008458914314012943e-04
9.025376742940838075e-04
5.582774636343501747e-03
3.028638902343876432e-03
-3.008458914313496863e-04
8.203559020768946483e-03
-3.008458914312794842e-04
3.028638902343806175e-03
-5.475766009856395181e-03
1.052960620009885367e-03
-3.008458914312627875e-04
-2.554135733999463552e-03
-3.008458914313536436e-04
1.052960620009843950e-03
6.849752509327789764e-03
3.533412052734756763e-03
-3.008458914313849770e-04
9.620959839469067285e-03
-3.008458914314160937e-04
3.533412052734760667e-03
-6.388393678165662538e-03
1.203383565725560508e-03
-3.008458914313497405e-04
-2.961990251918249131e-03
-3.008458914312547644e-04
1.203383565725608647e-03
8.116730382312078648e-03
4.038185203125507425e-03
-3.008458914311871644e-04
1.103836065816909615e-02
-3.008458914312519454e-04
4.038185203125492680e-03
-7.301021346475001887e-03
1.353806511441246491e-03
-3.008458914313147207e-04
-3.369844769837011724e-03
-3.008458914312971567e-04
1.353806511441302436e-03
9.383708255296463810e-03
4.542958353516083313e-03
-3.008458914311481331e-04
1.245576147686932450e-02
-3.008458914311412484e-04
4.542958353516156171e-03
-8.213649014784359451e-03
1.504229457157003381e-03
-3.008458914311802255e-04
-3.777699287755830696e-03
-3.008458914312210999e-04
1.504229457157043063e-03
1.065068612828118724e-02
5.047731503907053850e-03
-3.008458914312562823e-04
1.387316229556984602e-02
-3.008458914311936696e-04
5.047731503906949767e-03
-9.126276683094011050e-03
1.654652402872696087e-03
-3.008458914312632211e-04
-4.185553805674791482e-03
-3.008458914312411576e-04
1.654652402872655538e-03
1.191766400126588119e-02
5.552504654297734689e-03
-3.008458914311727445e-04
1.529056311427016632e-02
-3.008458914312474460e-04
5.552504654297664433e-03
-1.003890435140376673e-02
-3.721551356483060621e-16
-1.009546300781157631e-03
-1.009546300781590661e-03
-1.009546300781210973e-03
-2.807648436117536708e-16
9.122142448886899869e-17
-2.787117862498189275e-16
-1.009546300781150475e-03
-1.070086264874806157e-04
-1.009546300781258678e-03
-3.121997665373648872e-16
-9.025376742940836991e-04
1.504229457154316024e-04
-1.009546300781170641e-03
4.078545179184582038e-04
-1.009546300781233958e-03
1.504229457154547230e-04
-1.266977872984138831e-03
5.047731503904168355e-04
-1.009546300781217478e-03
-1.223563553755868411e-03
-1.009546300781239163e-03
5.047731503904451331e-04
7.187904033650662503e-04
3.008458914312475544e-04
-1.009546300781226152e-03
1.825255336618369917e-03
-1.009546300781265183e-03
3.008458914311899833e-04
-2.533955745968456338e-03
1.009546300781045741e-03
-1.009546300781377940e-03
-2.340118481024427727e-03
-1.009546300781371218e-03
1.009546300781125972e-03
2.340118481024165351e-03
4.512688371469740327e-04
-1.009546300781400275e-03
3.242656155318406584e-03
-1.009546300781424778e-03
4.512688371469314778e-04
-3.800933618952758667e-03
1.514319451171914147e-03
-1.009546300781427380e-03
-3.456673408293092862e-03
-1.009546300781449064e-03
1.514319451171910243e-03
3.961446558683652704e-03
6.016917828626444035e-04
-1.009546300781442125e-03
4.660056974018457997e-03
-1.009546300781443426e-03
6.016917828626760622e-04
-5.067911491937216253e-03
2.019092601562668277e-03
-1.009546300781399624e-03
-4.573228335562088027e-03
-1.009546300781479422e-03
2.019092601562565495e-03
5.582774636343178221e-03
7.521147285784748025e-04
-1.009546300781553798e-03
6.077457792718821659e-03
-1.009546300781470314e-03
7.521147285783842716e-04
-6.334889364921917135e-03
2.523865751953243298e-03
-1.009546300781363412e-03
-5.689783262830740151e-03
-1.009546300781362762e-03
2.523865751953252405e-03
7.204102714002591848e-03
9.025376742940016250e-04
-1.009546300781322863e-03
7.494858611418855725e-03
-1.009546300781308985e-03
9.025376742940603887e-04
-7.601867237906182601e-03
3.028638902343854314e-03
-1.009546300781332404e-03
-6.806338190099230946e-03
-1.009546300781328718e-03
3.028638902344016077e-03
8.825430791661830268e-03
1.052960620009903365e-03
-1.009546300781352136e-03
8.912259430119060660e-03
-1.009546300781372953e-03
1.052960620009934806e-03
-8.868845110890513986e-03
3.533412052734734212e-03
-1.009546300781324381e-03
-7.922893117367818885e-03
-1.009546300781312455e-03
3.533412052734733345e-03
1.044675886932126992e-02
1.203383565725560074e-03
-1.009546300781369917e-03
1.032966024881912595e-02
-1.009546300781355389e-03
1.203383565725608863e-03
-1.013582298387473782e-02
4.038185203125543854e-03
-1.009546300781220081e-03
-9.039448044636527388e-03
-1.009546300781345197e-03
4.038185203125649672e-03
1.206808694698085702e-02
1.353806511441369657e-03
-1.009546300781458605e-03
1.174706106751912706e-02
-1.009546300781388132e-03
1.353806511441260152e-03
-1.140280085685920798e-02
4.542958353516100660e-03
-1.009546300781314623e-03
-1.015600297190549436e-02
-1.009546300781277326e-03
4.542958353516105864e-03
1.368941502464020993e-02
1.504229457157084480e-03
-1.009546300781376639e-03
1.316446188621950460e-02
-1.009546300781375772e-03
1.504229457157107031e-03
-1.266977872984382560e-02
5.047731503906967114e-03
-1.009546300781350835e-03
-1.127255789917464175e-02
-1.009546300781466845e-03
5.047731503907000941e-03
1.531074310230007632e-02
1.654652402872700424e-03
-1.009546300781425645e-03
1.458186270491995500e-02
-1.009546300781473133e-03
1.654652402872710398e-03
-1.393675660282874679e-02
5.552504654297614993e-03
-1.009546300781485710e-03
-1.238911282644362608e-02
-1.009546300781544040e-03
5.552504654297587237e-03
1.693207117995976924e-02
-2.149549336648486000e-16
-4.512688371468623599e-04
4.512688371467010848e-04
-4.512688371469453555e-04
-1.712116084063677835e-16
-3.028638902344111487e-03
-2.478304924439694641e-16
-4.512688371469928978e-04
-4.512688371474369328e-04
-4.512688371470120882e-04
-2.876929478961073329e-16
7.064822823570915630e-17
1.504229457155290450e-04
-4.512688371470113292e-04
-6.652860901217211341e-04
-4.512688371470441806e-04
1.504229457155286656e-04
-1.052960620009853925e-03
5.047731503904854655e-04
-4.512688371470236891e-04
1.674832390902584837e-03
-4.512688371470442890e-04
5.047731503904587941e-04
-1.621328077659235818e-03
3.008458914310868757e-04
-4.512688371470839166e-04
-1.781841017390086703e-03
-4.512688371471414335e-04
3.008458914311292138e-04
9.227176623243024808e-04
1.009546300781096048e-03
-4.512688371471246284e-04
3.800933618952326287e-03
-4.512688371469892657e-04
1.009546300781127056e-03
-3.242656155318257398e-03
4.512688371469349472e-04
-4.512688371469249725e-04
-2.898395944658802795e-03
-4.512688371469926268e-04
4.512688371469275746e-04
2.898395944658384293e-03
1.514319451171895065e-03
-4.512688371470811519e-04
5.927034847002622849e-03
-4.512688371470149071e-04
1.514319451171988740e-03
-4.863984232977707454e-03
6.016917828625433558e-04
-4.512688371470406027e-04
-4.014950871927599335e-03
-4.512688371469565770e-04
6.016917828626861453e-04
4.874074226993025880e-03
2.019092601562544245e-03
-4.512688371469566855e-04
8.053136075052680018e-03
-4.512688371470003788e-04
2.019092601562575470e-03
-6.485312310637135827e-03
7.521147285783435056e-04
-4.512688371469736532e-04
-5.131505799196411054e-03
-4.512688371470429337e-04
7.521147285783145574e-04
6.849752509327296235e-03
2.523865751953291870e-03
-4.512688371471015891e-04
1.017923730310272591e-02
-4.512688371469714848e-04
2.523865751953267584e-03
-8.106640388296519964e-03
9.025376742940818559e-04
-4.512688371470299775e-04
-6.248060726464955625e-03
-4.512688371470663525e-04
9.025376742941502691e-04
8.825430791661696694e-03
3.028638902344061180e-03
-4.512688371470519326e-04
1.230533853115301293e-02
-4.512688371471142200e-04
3.028638902344065516e-03
-9.727968465956077573e-03
1.052960620009939794e-03
-4.512688371471245199e-04
-7.364615653733574789e-03
-4.512688371470692798e-04
1.052960620009926566e-03
1.080110907399610583e-02
3.533412052734618419e-03
-4.512688371470423916e-04
1.443143975920303801e-02
-4.512688371469879105e-04
3.533412052734752427e-03
-1.134929654361538538e-02
1.203383565725591733e-03
-4.512688371469582033e-04
-8.481170581002233852e-03
-4.512688371469735990e-04
1.203383565725583493e-03
1.277678735633055312e-02
4.038185203125641866e-03
-4.512688371469391756e-04
1.655754098725342738e-02
-4.512688371469983188e-04
4.038185203125548191e-03
-1.297062462127477993e-02
1.353806511441324771e-03
-4.512688371470027640e-04
-9.597725508271060316e-03
-4.512688371469560349e-04
1.353806511441247359e-03
1.475246563866515134e-02
4.542958353516263724e-03
-4.512688371469483913e-04
1.868364221530330674e-02
-4.512688371469689911e-04
4.542958353516203009e-03
-1.459195269893408080e-02
1.504229457156998828e-03
-4.512688371468505963e-04
-1.071428043553986770e-02
-4.512688371468370980e-04
1.504229457156969554e-03
1.672814392099940262e-02
5.047731503906914205e-03
-4.512688371468473437e-04
2.080974344335378631e-02
-4.512688371468032166e-04
5.047731503906901195e-03
-1.621328077659364361e-02
1.654652402872712784e-03
-4.512688371468292917e-04
-1.183083536280911917e-02
-4.512688371468244128e-04
1.654652402872797568e-03
1.870382220333413961e-02
5.552504654297628003e-03
-4.512688371467894473e-04
2.293584467140421732e-02
-4.512688371467892846e-04
5.552504654297597646e-03
-1.783460885425351694e-02
-2.212367831716884458e-16
-1.514319451172118844e-03
-1.514319451172315084e-03
-1.514319451172034059e-03
-1.800411381316039047e-16
1.231451712298133167e-16
-2.716254936187951859e-16
-1.514319451172046419e-03
-3.109358854466065828e-04
-1.514319451172040998e-03
-2.797968412589619110e-16
-1.203383565725740486e-03
1.504229457154247177e-04
-1.514319451172031457e-03
6.117817768776858149e-04
-1.514319451172061381e-03
1.504229457155041355e-04
-1.975678282334180150e-03
5.047731503905379408e-04
-1.514319451172133155e-03
-2.136191222065236817e-03
-1.514319451172114724e-03
5.047731503904206302e-04
1.126644921283493500e-03
3.008458914311102402e-04
-1.514319451172046202e-03
2.737883004927471609e-03
-1.514319451172026687e-03
3.008458914311172875e-04
-3.951356564668430556e-03
1.009546300781220731e-03
-1.514319451172166332e-03
-3.961446558683750716e-03
-1.514319451172200593e-03
1.009546300781182133e-03
3.456673408292677829e-03
4.512688371468344959e-04
-1.514319451172222277e-03
4.863984232977602504e-03
-1.514319451172183245e-03
4.512688371469172747e-04
-5.927034847002865710e-03
1.514319451171976813e-03
-1.514319451172158959e-03
-5.786701895302365228e-03
-1.514319451172087619e-03
1.514319451171917399e-03
5.786701895302203032e-03
6.016917828625292612e-04
-1.514319451172064634e-03
6.990085461027776767e-03
-1.514319451171982234e-03
6.016917828626292247e-04
-7.902713129337086626e-03
2.019092601562539908e-03
-1.514319451172064200e-03
-7.611957231921054334e-03
-1.514319451172051190e-03
2.019092601562579806e-03
8.116730382311435066e-03
7.521147285783383015e-04
-1.514319451172026687e-03
9.116186689077676944e-03
-1.514319451172068537e-03
7.521147285782994870e-04
-9.878391411671485350e-03
2.523865751953255875e-03
-1.514319451172098027e-03
-9.437212568539759053e-03
-1.514319451172166549e-03
2.523865751953274957e-03
1.044675886932090736e-02
9.025376742941673995e-04
-1.514319451172095642e-03
1.124228791712804897e-02
-1.514319451172127518e-03
9.025376742941138399e-04
-1.185406969400603326e-02
3.028638902344085899e-03
-1.514319451172096509e-03
-1.126246790515835101e-02
-1.514319451172096076e-03
3.028638902344042965e-03
1.277678735633037271e-02
1.052960620009952370e-03
-1.514319451172008689e-03
1.336838914517815384e-02
-1.514319451172023651e-03
1.052960620009908135e-03
-1.382974797634031923e-02
3.533412052734720334e-03
-1.514319451172091088e-03
-1.308772324177703318e-02
-1.514319451172088269e-03
3.533412052734712528e-03
1.510681584333969062e-02
1.203383565725635535e-03
-1.514319451172105617e-03
1.549449037322826218e-02
-1.514319451172117977e-03
1.203383565725586963e-03
-1.580542625867478387e-02
4.038185203125459720e-03
-1.514319451172133589e-03
-1.491297857839582464e-02
-1.514319451171991125e-03
4.038185203125461455e-03
1.743684433034929648e-02
1.353806511441243239e-03
-1.514319451171967923e-03
1.762059160127838961e-02
-1.514319451171937565e-03
1.353806511441233481e-03
-1.778110454100911494e-02
4.542958353516127548e-03
-1.514319451172047720e-03
-1.673823391501446517e-02
-1.514319451172005003e-03
4.542958353516101527e-03
1.976687281735858143e-02
1.504229457157043714e-03
-1.514319451171929759e-03
1.974669282932847020e-02
-1.514319451172015411e-03
1.504229457157005767e-03
-1.975678282334350847e-02
5.047731503906936756e-03
-1.514319451172033842e-03
-1.856348925163344571e-02
-1.514319451172077861e-03
5.047731503906941961e-03
2.209690130436829658e-02
1.654652402872852646e-03
-1.514319451172098678e-03
2.187279405737900181e-02
-1.514319451172108219e-03
1.654652402872826408e-03
-2.173246110567834607e-02
5.552504654297649687e-03
-1.514319451172060080e-03
-2.038874458825248523e-02
-1.514319451172043600e-03
5.552504654297699994e-03
2.442692979137814011e-02
-1.866619529213863508e-16
-6.016917828626604497e-04
6.016917828626486319e-04
-6.016917828627583531e-04
-6.380087451001518249e-17
-4.038185203125689571e-03
-3.497690535733970037e-16
-6.016917828627854582e-04
-6.016917828631537617e-04
-6.016917828627343923e-04
-2.329876157626174759e-16
1.677063223577658043e-16
1.504229457154401676e-04
-6.016917828627770014e-04
-1.223563553755914598e-03
-6.016917828627787361e-04
1.504229457154997174e-04
-1.353806511441373343e-03
5.047731503903885378e-04
-6.016917828628208032e-04
2.233109854536784265e-03
-6.016917828628570155e-04
5.047731503904470847e-04
-2.330028487009137925e-03
3.008458914311151191e-04
-6.016917828629113341e-04
-3.048818890374393586e-03
-6.016917828628282842e-04
3.008458914310611259e-04
1.330572180242838801e-03
1.009546300781131610e-03
-6.016917828628931195e-04
5.067911491936657672e-03
-6.016917828627955413e-04
1.009546300781177146e-03
-4.660056974018380802e-03
4.512688371469341340e-04
-6.016917828628069254e-04
-4.874074226993072717e-03
-6.016917828628137559e-04
4.512688371469237257e-04
4.014950871926968763e-03
1.514319451171905039e-03
-6.016917828628424872e-04
7.902713129336909684e-03
-6.016917828627901203e-04
1.514319451171934746e-03
-6.990085461027760287e-03
6.016917828626195753e-04
-6.016917828628537629e-04
-6.699329563611728863e-03
-6.016917828628007454e-04
6.016917828626570887e-04
6.699329563611384521e-03
2.019092601562644858e-03
-6.016917828628035644e-04
1.073751476673699343e-02
-6.016917828628906258e-04
2.019092601562643557e-03
-9.320113948037259469e-03
7.521147285784450954e-04
-6.016917828628441135e-04
-8.524584900230405826e-03
-6.016917828627980349e-04
7.521147285783737549e-04
9.383708255295811554e-03
2.523865751953340876e-03
-6.016917828627536911e-04
1.357231640413700778e-02
-6.016917828627593289e-04
2.523865751953269752e-03
-1.165014243504642125e-02
9.025376742942003592e-04
-6.016917828627320070e-04
-1.034984023684912789e-02
-6.016917828627810130e-04
9.025376742941256577e-04
1.206808694698014404e-02
3.028638902343961433e-03
-6.016917828628056244e-04
1.640711804153707418e-02
-6.016917828627673520e-04
3.028638902343967505e-03
-1.398017092205586405e-02
1.052960620009902063e-03
-6.016917828628300189e-04
-1.217509557346768342e-02
-6.016917828627188882e-04
1.052960620009825736e-03
1.475246563866444705e-02
3.533412052734725538e-03
-6.016917828627081546e-04
1.924191967893722557e-02
-6.016917828627636657e-04
3.533412052734731176e-03
-1.631019940906513685e-02
1.203383565725506298e-03
-6.016917828627462101e-04
-1.400035091008650263e-02
-6.016917828627013241e-04
1.203383565725549015e-03
1.743684433034895648e-02
4.038185203125352167e-03
-6.016917828627084798e-04
2.207672131633735269e-02
-6.016917828626258636e-04
4.038185203125425025e-03
-1.864022789607449465e-02
1.353806511441281836e-03
-6.016917828625978912e-04
-1.582560624670514490e-02
-6.016917828627260439e-04
1.353806511441244323e-03
2.012122302203342775e-02
4.542958353516048618e-03
-6.016917828627284292e-04
2.491152295373741041e-02
-6.016917828626818085e-04
4.542958353516131885e-03
-2.097025638308397041e-02
1.504229457157041545e-03
-6.016917828626311762e-04
-1.765086158332398666e-02
-6.016917828626214184e-04
1.504229457157035257e-03
2.280560171371761799e-02
5.047731503906852622e-03
-6.016917828626130700e-04
2.774632459113778732e-02
-6.016917828626010354e-04
5.047731503906880378e-03
-2.330028487009351904e-02
1.654652402872861970e-03
-6.016917828626385488e-04
-1.947611691994298108e-02
-6.016917828626653286e-04
1.654652402872888424e-03
2.548998040540232865e-02
5.552504654297713005e-03
-6.016917828626148048e-04
3.058112622853842097e-02
-6.016917828625423801e-04
5.552504654297641881e-03
-2.563031335710335562e-02
-3.936585031035906916e-17
-2.019092601562558556e-03
-2.019092601563071167e-03
-2.019092601562578072e-03
-1.779295356525843200e-16
2.726475110408929986e-16
-2.403300236937109268e-16
-2.019092601562591516e-03
-5.148631444058509449e-04
-2.019092601562666976e-03
-2.315433147633708238e-16
-1.504229457157020729e-03
1.504229457155139204e-04
-2.019092601562752411e-03
8.157090358368947235e-04
-2.019092601562710344e-03
1.504229457155273916e-04
-2.684378691684093533e-03
5.047731503904470847e-04
-2.019092601562883817e-03
-3.048818890374616064e-03
-2.019092601562929787e-03
5.047731503905231957e-04
1.534499439202194511e-03
3.008458914310871467e-04
-2.019092601562843051e-03
3.650510673236767589e-03
-2.019092601562819632e-03
3.008458914310876346e-04
-5.368757383368546153e-03
1.009546300781138332e-03
-2.019092601562879914e-03
-5.582774636342975258e-03
-2.019092601562914174e-03
1.009546300781166738e-03
4.573228335561307402e-03
4.512688371469300683e-04
-2.019092601562961446e-03
6.485312310636783678e-03
-2.019092601562901598e-03
4.512688371469270325e-04
-8.053136075052799714e-03
1.514319451171923254e-03
-2.019092601562835678e-03
-8.116730382311710887e-03
-2.019092601562871674e-03
1.514319451171965321e-03
7.611957231920856576e-03
6.016917828626286826e-04
-2.019092601562863000e-03
9.320113948036981913e-03
-2.019092601562901164e-03
6.016917828627026251e-04
-1.073751476673723282e-02
2.019092601562574602e-03
-2.019092601562790575e-03
-1.065068612828014294e-02
-2.019092601562797080e-03
2.019092601562710778e-03
1.065068612828008916e-02
7.521147285784112683e-04
-2.019092601562906802e-03
1.215491558543692514e-02
-2.019092601562845653e-03
7.521147285783984747e-04
-1.342189345842138663e-02
2.523865751953237226e-03
-2.019092601562787106e-03
-1.318464187424876408e-02
-2.019092601562810091e-03
2.523865751953339575e-03
1.368941502463934083e-02
9.025376742941308619e-04
-2.019092601562780167e-03
1.498971722283708695e-02
-2.019092601562781902e-03
9.025376742940625571e-04
-1.610627215010575555e-02
3.028638902343918499e-03
-2.019092601562823101e-03
-1.571859762021746848e-02
-2.019092601562834811e-03
3.028638902343999597e-03
1.672814392099865322e-02
1.052960620009767406e-03
-2.019092601562804019e-03
1.782451886023712212e-02
-2.019092601562836112e-03
1.052960620009786488e-03
-1.879065084179014009e-02
3.533412052734702120e-03
-2.019092601562800984e-03
-1.825255336618620411e-02
-2.019092601562816596e-03
3.533412052734744187e-03
1.976687281735814081e-02
1.203383565725596287e-03
-2.019092601562710778e-03
2.065932049763725270e-02
-2.019092601562730294e-03
1.203383565725537089e-03
-2.147502953347456972e-02
4.038185203125422423e-03
-2.019092601562671313e-03
-2.078650911215478361e-02
-2.019092601562671313e-03
4.038185203125425025e-03
2.280560171371759023e-02
1.353806511441314796e-03
-2.019092601562757616e-03
2.349412213503735899e-02
-2.019092601562763687e-03
1.353806511441341901e-03
-2.415940822515877731e-02
4.542958353516128416e-03
-2.019092601562792744e-03
-2.332046485812340822e-02
-2.019092601562757616e-03
4.542958353516178722e-03
2.584433061007681415e-02
1.504229457157029619e-03
-2.019092601562863000e-03
2.632892377243748611e-02
-2.019092601562879046e-03
1.504229457157106381e-03
-2.684378691684328327e-02
5.047731503906994002e-03
-2.019092601562870806e-03
-2.585442060409231038e-02
-2.019092601562914174e-03
5.047731503907044309e-03
2.888305950643633990e-02
1.654652402872812964e-03
-2.019092601562877745e-03
2.916372540983812670e-02
-2.019092601562862133e-03
1.654652402872825541e-03
-2.952816560852812230e-02
5.552504654297650555e-03
-2.019092601562895960e-03
-2.838837635006167398e-02
-2.019092601562843484e-03
5.552504654297640146e-03
3.192178840279644852e-02
-1.886462744635048184e-16
-7.521147285783832959e-04
7.521147285783878495e-04
-7.521147285783247489e-04
-1.600567026108223686e-16
-5.047731503907421612e-03
-2.566258078062079038e-16
-7.521147285782936323e-04
-7.521147285789328779e-04
-7.521147285783675749e-04
-2.211434475141954787e-16
2.331409984208813588e-16
1.504229457154987687e-04
-7.521147285784532269e-04
-1.781841017390125301e-03
-7.521147285784623342e-04
1.504229457154310332e-04
-1.654652402872721240e-03
5.047731503904798276e-04
-7.521147285784802235e-04
2.791387318171154128e-03
-7.521147285785305305e-04
5.047731503905316525e-04
-3.038728896359124600e-03
3.008458914310831352e-04
-7.521147285785957995e-04
-4.315796763358784385e-03
-7.521147285785969921e-04
3.008458914310913751e-04
1.738426698161520080e-03
1.009546300781221598e-03
-7.521147285785245674e-04
6.334889364920972578e-03
-7.521147285785166527e-04
1.009546300781104938e-03
-6.077457792718498134e-03
4.512688371468760208e-04
-7.521147285786367823e-04
-6.849752509327355215e-03
-7.521147285785272779e-04
4.512688371468515178e-04
5.131505799195581856e-03
1.514319451171970742e-03
-7.521147285784527932e-04
9.878391411671407288e-03
-7.521147285785631650e-04
1.514319451172023868e-03
-9.116186689077912866e-03
6.016917828627222492e-04
-7.521147285786857883e-04
-9.383708255295971148e-03
-7.521147285786554306e-04
6.016917828627071788e-04
8.524584900230128270e-03
2.019092601562656134e-03
-7.521147285786445886e-04
1.342189345842134847e-02
-7.521147285785995942e-04
2.019092601562704706e-03
-1.215491558543736403e-02
7.521147285783759233e-04
-7.521147285785250011e-04
-1.191766400126453851e-02
-7.521147285785521061e-04
7.521147285783100038e-04
1.191766400126429044e-02
2.523865751953380341e-03
-7.521147285785866922e-04
1.696539550517121506e-02
-7.521147285785394210e-04
2.523865751953330034e-03
-1.519364448179639886e-02
9.025376742940758928e-04
-7.521147285785528651e-04
-1.445161974723321863e-02
-7.521147285785434325e-04
9.025376742940654845e-04
1.531074310229862956e-02
3.028638902343885973e-03
-7.521147285785057023e-04
2.050889755192124297e-02
-7.521147285785441915e-04
3.028638902343990056e-03
-1.823237337815573900e-02
1.052960620009711894e-03
-7.521147285784388070e-04
-1.698557549320177384e-02
-7.521147285784899814e-04
1.052960620009706473e-03
1.870382220333292184e-02
3.533412052734706023e-03
-7.521147285785086296e-04
2.405239959867131946e-02
-7.521147285784059557e-04
3.533412052734667859e-03
-2.127110227451497332e-02
1.203383565725570916e-03
-7.521147285784562627e-04
-1.951953123917060315e-02
-7.521147285785061360e-04
1.203383565725606912e-03
2.209690130436743269e-02
4.038185203125422423e-03
-7.521147285784616837e-04
2.759590164542139595e-02
-7.521147285784054136e-04
4.038185203125369514e-03
-2.430983117087449907e-02
1.353806511441278801e-03
-7.521147285783802601e-04
-2.205348698513907857e-02
-7.521147285783787422e-04
1.353806511441277066e-03
2.548998040540177007e-02
4.542958353516145763e-03
-7.521147285783464330e-04
3.113940369217144469e-02
-7.521147285783053417e-04
4.542958353516189131e-03
-2.734856006723351829e-02
1.504229457157088383e-03
-7.521147285782870187e-04
-2.458744273110774134e-02
-7.521147285783684423e-04
1.504229457157138039e-03
2.888305950643606235e-02
5.047731503907029564e-03
-7.521147285782784535e-04
3.468290573892170159e-02
-7.521147285783377594e-04
5.047731503906985329e-03
-3.038728896359309262e-02
1.654652402872695003e-03
-7.521147285783516372e-04
-2.712139847707701820e-02
-7.521147285782213161e-04
1.654652402872850694e-03
3.227613860747041707e-02
5.552504654297593309e-03
-7.521147285782094983e-04
3.822640778567217706e-02
-7.521147285781543124e-04
5.552504654297516981e-03
-3.342601785995272939e-02
-1.875640356502812150e-16
-2.523865751953586339e-03
-2.523865751953963642e-03
-2.523865751953522155e-03
-2.167393839192379392e-16
2.241489012168784466e-16
-2.303999178476006339e-16
-2.523865751953559017e-03
-7.187904033653701522e-04
-2.523865751953511746e-03
-2.789648889175129451e-16
-1.805075348588492659e-03
1.504229457154421462e-04
-2.523865751953457970e-03
1.019636294796241001e-03
-2.523865751953471848e-03
1.504229457154476486e-04
-3.393079101034250644e-03
5.047731503904992348e-04
-2.523865751953551211e-03
-3.961446558683919851e-03
-2.523865751953440623e-03
5.047731503904226901e-04
1.942353957120917856e-03
3.008458914311752381e-04
-2.523865751953495266e-03
4.563138341546152041e-03
-2.523865751953529094e-03
3.008458914312125889e-04
-6.786158202068572412e-03
1.009546300781131176e-03
-2.523865751953552946e-03
-7.204102714002294343e-03
-2.523865751953575064e-03
1.009546300781118599e-03
5.689783262830003761e-03
4.512688371469189010e-04
-2.523865751953689122e-03
8.106640388296176489e-03
-2.523865751953735959e-03
4.512688371470046614e-04
-1.017923730310284387e-02
1.514319451171985053e-03
-2.523865751953643152e-03
-1.044675886932096981e-02
-2.523865751953582436e-03
1.514319451172035360e-03
9.437212568539396496e-03
6.016917828626949273e-04
-2.523865751953601518e-03
1.165014243504635359e-02
-2.523865751953597181e-03
6.016917828627046851e-04
-1.357231640413718472e-02
2.019092601562667844e-03
-2.523865751953559451e-03
-1.368941502463957849e-02
-2.523865751953627539e-03
2.019092601562633583e-03
1.318464187424857326e-02
7.521147285783042575e-04
-2.523865751953540803e-03
1.519364448179623232e-02
-2.523865751953549910e-03
7.521147285783389520e-04
-1.696539550517152731e-02
2.523865751953365162e-03
-2.523865751953512180e-03
-1.693207117995812819e-02
-2.523865751953549477e-03
2.523865751953294472e-03
1.693207117995790961e-02
9.025376742940909632e-04
-2.523865751953491797e-03
1.873714652854619259e-02
-2.523865751953510012e-03
9.025376742940361026e-04
-2.035847460620564958e-02
3.028638902343929341e-03
-2.523865751953476618e-03
-2.017472733527661544e-02
-2.523865751953432816e-03
3.028638902343906356e-03
2.067950048566707250e-02
1.052960620009821182e-03
-2.523865751953570727e-03
2.228064857529617887e-02
-2.523865751953529527e-03
1.052960620009804052e-03
-2.375155370723986900e-02
3.533412052734629695e-03
-2.523865751953593712e-03
-2.341738349059536636e-02
-2.523865751953611059e-03
3.533412052734679135e-03
2.442692979137634987e-02
1.203383565725617971e-03
-2.523865751953503506e-03
2.582415062204645312e-02
-2.523865751953459705e-03
1.203383565725536872e-03
-2.714463280827439026e-02
4.038185203125374718e-03
-2.523865751953454500e-03
-2.666003964591392300e-02
-2.523865751953348249e-03
4.038185203125307064e-03
2.817435909708584582e-02
1.353806511441278584e-03
-2.523865751953382076e-03
2.936765266879638736e-02
-2.523865751953345213e-03
1.353806511441292678e-03
-3.053771190930846050e-02
4.542958353516203876e-03
-2.523865751953326565e-03
-2.990269580123235821e-02
-2.523865751953441924e-03
4.542958353516157906e-03
3.192178840279506075e-02
1.504229457157097924e-03
-2.523865751953367764e-03
3.291115471554666161e-02
-2.523865751953412433e-03
1.504229457157127631e-03
-3.393079101034297829e-02
5.047731503906954104e-03
-2.523865751953445393e-03
-3.314535195655113342e-02
-2.523865751953465776e-03
5.047731503906914205e-03
3.566921770850452894e-02
1.654652402872783257e-03
-2.523865751953490930e-03
3.645465676229667218e-02
-2.523865751953469679e-03
1.654652402872770029e-03
-3.732387011137737465e-02
5.552504654297479685e-03
-2.523865751953343478e-03
-3.638800811187013068e-02
-2.523865751953408097e-03
5.552504654297478817e-03
3.941664701421422612e-02
-3.015937803170029123e-16
-9.025376742940957337e-04
9.025376742941185020e-04
-9.025376742941246819e-04
-2.786077994948433612e-16
-6.057277804688345271e-03
-3.063973295641909792e-16
-9.025376742941906014e-04
-9.025376742946999596e-04
-9.025376742940909632e-04
-2.533332694040498222e-16
2.474790275472741244e-16
1.504229457155198022e-04
-9.025376742939823262e-04
-2.340118481024679262e-03
-9.025376742941482091e-04
1.504229457154718263e-04
-1.955498294304241526e-03
5.047731503903968861e-04
-9.025376742942048044e-04
3.349664781805418174e-03
-9.025376742941641469e-04
5.047731503903501570e-04
-3.747429305709149439e-03
3.008458914311868391e-04
-9.025376742942001424e-04
-5.582774636343109699e-03
-9.025376742942310421e-04
3.008458914311754550e-04
2.146281216080071687e-03
1.009546300781098650e-03
-9.025376742942634598e-04
7.601867237905384628e-03
-9.025376742942359211e-04
1.009546300781104721e-03
-7.494858611418513117e-03
4.512688371469574444e-04
-9.025376742942882880e-04
-8.825430791661580468e-03
-9.025376742942272474e-04
4.512688371469600465e-04
6.248060726464249592e-03
1.514319451172006304e-03
-9.025376742941461491e-04
1.185406969400549550e-02
-9.025376742942013350e-04
1.514319451171919784e-03
-1.124228791712771937e-02
6.016917828627380786e-04
-9.025376742943286203e-04
-1.206808694698023599e-02
-9.025376742942754944e-04
6.016917828627247429e-04
1.034984023684853809e-02
2.019092601562664374e-03
-9.025376742942308253e-04
1.610627215010540167e-02
-9.025376742942775544e-04
2.019092601562603225e-03
-1.498971722283708521e-02
7.521147285783336394e-04
-9.025376742942106591e-04
-1.531074310229893660e-02
-9.025376742942894806e-04
7.521147285783618287e-04
1.445161974723277107e-02
2.523865751953313988e-03
-9.025376742941912519e-04
2.035847460620547611e-02
-9.025376742942275727e-04
2.523865751953255441e-03
-1.873714652854646667e-02
9.025376742941431133e-04
-9.025376742943211393e-04
-1.855339925761738396e-02
-9.025376742942605324e-04
9.025376742941887583e-04
1.855339925761705089e-02
3.028638902343972275e-03
-9.025376742942745186e-04
2.461067706230526259e-02
-9.025376742942805902e-04
3.028638902343928040e-03
-2.248457583425561221e-02
1.052960620009782801e-03
-9.025376742943123573e-04
-2.179605541293595794e-02
-9.025376742941790004e-04
1.052960620009738566e-03
2.265517876800122662e-02
3.533412052734725538e-03
-9.025376742942366800e-04
2.886287951840533356e-02
-9.025376742943292709e-04
3.533412052734634899e-03
-2.623200513996495550e-02
1.203383565725516489e-03
-9.025376742942526178e-04
-2.503871156825472274e-02
-9.025376742941788920e-04
1.203383565725505214e-03
2.675695827838558971e-02
4.038185203125397270e-03
-9.025376742942625924e-04
3.311508197450530738e-02
-9.025376742942262717e-04
4.038185203125352167e-03
-2.997943444567423635e-02
1.353806511441271211e-03
-9.025376742941758563e-04
-2.828136772357307122e-02
-9.025376742940904211e-04
1.353806511441304821e-03
3.085873778876975157e-02
4.542958353516229897e-03
-9.025376742940769770e-04
3.736728443060532978e-02
-9.025376742941156830e-04
4.542958353516167447e-03
-3.372686375138335413e-02
1.504229457157076240e-03
-9.025376742940715560e-04
-3.152402387889169377e-02
-9.025376742941332471e-04
1.504229457157106814e-03
3.496051729915405915e-02
5.047731503906819663e-03
-9.025376742940232006e-04
4.161948688670547014e-02
-9.025376742939647621e-04
5.047731503906745937e-03
-3.747429305709260028e-02
1.654652402872711266e-03
-9.025376742939973966e-04
-3.476668003421074654e-02
-9.025376742939258392e-04
1.654652402872770463e-03
3.906229680953871714e-02
5.552504654297535196e-03
-9.025376742939595579e-04
4.587168934280574234e-02
-9.025376742939870967e-04
5.552504654297511777e-03
-4.122172236280218643e-02
-2.305826099040037286e-16
-3.028638902344241157e-03
-3.028638902344541698e-03
-3.028638902344182610e-03
-1.561247324944694407e-16
2.159725056830284893e-16
-2.323329199756526339e-16
-3.028638902344157890e-03
-9.227176623244988298e-04
-3.028638902344174804e-03
-2.474948924205774950e-16
-2.105921240020022268e-03
1.504229457154653753e-04
-3.028638902344204294e-03
1.223563553755329996e-03
-3.028638902344160493e-03
1.504229457154216277e-04
-4.101779510384111552e-03
5.047731503903923325e-04
-3.028638902344178273e-03
-4.874074226993070115e-03
-3.028638902344145314e-03
5.047731503903372550e-04
2.350208475039256093e-03
3.008458914311597340e-04
-3.028638902344047736e-03
5.475766009855469706e-03
-3.028638902344124497e-03
3.008458914311433626e-04
-8.203559020768391372e-03
1.009546300781065690e-03
-3.028638902344080695e-03
-8.825430791661533630e-03
-3.028638902344164829e-03
1.009546300781087157e-03
6.806338190098480678e-03
4.512688371469127211e-04
-3.028638902344196054e-03
9.727968465955425317e-03
-3.028638902344175238e-03
4.512688371469623775e-04
-1.230533853115260007e-02
1.514319451171883355e-03
-3.028638902344158324e-03
-1.277678735633005006e-02
-3.028638902344141844e-03
1.514319451171880753e-03
1.126246790515775600e-02
6.016917828627823140e-04
-3.028638902344142278e-03
1.398017092205545292e-02
-3.028638902344192151e-03
6.016917828627369944e-04
-1.640711804153697356e-02
2.019092601562689094e-03
-3.028638902344236820e-03
-1.672814392099855260e-02
-3.028638902344144013e-03
2.019092601562617970e-03
1.571859762021708337e-02
7.521147285785827891e-04
-3.028638902344264576e-03
1.823237337815543715e-02
-3.028638902344345674e-03
7.521147285785620808e-04
-2.050889755192124644e-02
2.523865751953282329e-03
-3.028638902344242025e-03
-2.067950048566716617e-02
-3.028638902344313148e-03
2.523865751953341743e-03
2.017472733527621992e-02
9.025376742941659900e-04
-3.028638902344212534e-03
2.248457583425550466e-02
-3.028638902344244627e-03
9.025376742941687005e-04
-2.461067706230565810e-02
3.028638902343844339e-03
-3.028638902344266311e-03
-2.463085705033577627e-02
-3.028638902344278020e-03
3.028638902343926305e-03
2.463085705033546055e-02
1.052960620009704088e-03
-3.028638902344305342e-03
2.673677829035523215e-02
-3.028638902344361720e-03
1.052960620009717099e-03
-2.871245657268979568e-02
3.533412052734678701e-03
-3.028638902344258504e-03
-2.858221361500434821e-02
-3.028638902344230749e-03
3.533412052734725538e-03
2.908698676539491629e-02
1.203383565725475290e-03
-3.028638902344229882e-03
3.098898074645536904e-02
-3.028638902344176972e-03
1.203383565725481361e-03
-3.281423608307413448e-02
4.038185203125478802e-03
-3.028638902344176972e-03
-3.253357017967271891e-02
-3.028638902344274551e-03
4.038185203125445842e-03
3.354311648045397998e-02
1.353806511441272729e-03
-3.028638902344316184e-03
3.524118320255527348e-02
-3.028638902344252433e-03
1.353806511441252997e-03
-3.691601559345829980e-02
4.542958353516171784e-03
-3.028638902344176105e-03
-3.648492674434117983e-02
-3.028638902344233785e-03
4.542958353516184794e-03
3.799924619551311306e-02
1.504229457157050653e-03
-3.028638902344152253e-03
3.949338565865533751e-02
-3.028638902344099777e-03
1.504229457157009887e-03
-4.101779510384247207e-02
5.047731503906850888e-03
-3.028638902344141844e-03
-4.043628330901021667e-02
-3.028638902344196054e-03
5.047731503906799713e-03
4.245537591057279431e-02
1.654652402872673535e-03
-3.028638902344186947e-03
4.374558811475558195e-02
-3.028638902344124063e-03
1.654652402872664428e-03
-4.511957461422699128e-02
5.552504654297608054e-03
-3.028638902344076792e-03
-4.438763987367872615e-02
-3.028638902344094573e-03
5.552504654297584635e-03
4.691150562563220494e-02
-2.326610850265443016e-16
-1.052960620009769574e-03
1.052960620009933072e-03
-1.052960620009816195e-03
-2.261386613950591521e-16
-7.066824105470519667e-03
-3.268550084163147081e-16
-1.052960620009767839e-03
-1.052960620010424432e-03
-1.052960620009834626e-03
-2.873588950055830162e-16
3.884293712270537596e-16
1.504229457155196938e-04
-1.052960620009865417e-03
-2.898395944658800193e-03
-1.052960620009882331e-03
1.504229457155176067e-04
-2.256344185735819057e-03
5.047731503903732505e-04
-1.052960620009968417e-03
3.907942245439516987e-03
-1.052960620009866285e-03
5.047731503903804063e-04
-4.456129715059054149e-03
3.008458914311347974e-04
-1.052960620009921362e-03
-6.849752509327349144e-03
-1.052960620009892306e-03
3.008458914311187512e-04
2.554135733998421417e-03
1.009546300781124888e-03
-1.052960620009886234e-03
8.868845110889433253e-03
-1.052960620009916158e-03
1.009546300781050728e-03
-8.912259430118283504e-03
4.512688371469034511e-04
-1.052960620009907918e-03
-1.080110907399576409e-02
-1.052960620009907918e-03
4.512688371469398803e-04
7.364615653732737785e-03
1.514319451171913930e-03
-1.052960620009866068e-03
1.382974797633966871e-02
-1.052960620009936541e-03
1.514319451171939517e-03
-1.336838914517768200e-02
6.016917828626579560e-04
-1.052960620009914640e-03
-1.475246563866434990e-02
-1.052960620009890354e-03
6.016917828626914579e-04
1.217509557346701382e-02
2.019092601562649629e-03
-1.052960620009947383e-03
1.879065084178965089e-02
-1.052960620009887752e-03
2.019092601562643991e-03
-1.782451886023689314e-02
7.521147285785197969e-04
-1.052960620009917676e-03
-1.870382220333287326e-02
-1.052960620009911821e-03
7.521147285784350123e-04
1.698557549320133669e-02
2.523865751953402892e-03
-1.052960620009925265e-03
2.375155370723957410e-02
-1.052960620009991185e-03
2.523865751953398122e-03
-2.228064857529618234e-02
9.025376742941730373e-04
-1.052960620010038890e-03
-2.265517876800139663e-02
-1.052960620009985330e-03
9.025376742941123220e-04
2.179605541293542365e-02
3.028638902343889876e-03
-1.052960620009881247e-03
2.871245657268932383e-02
-1.052960620009929819e-03
3.028638902343938014e-03
-2.673677829035536052e-02
1.052960620009750058e-03
-1.052960620009960394e-03
-2.660653533267014551e-02
-1.052960620009915941e-03
1.052960620009860864e-03
2.660653533266960774e-02
3.533412052734761534e-03
-1.052960620009878428e-03
3.367335943813947602e-02
-1.052960620009851756e-03
3.533412052734713395e-03
-3.119290800541467401e-02
1.203383565725493071e-03
-1.052960620009978391e-03
-3.055789189733863070e-02
-1.052960620009992920e-03
1.203383565725534704e-03
3.141701525240398613e-02
4.038185203125413750e-03
-1.052960620009990101e-03
3.863426230358955882e-02
-1.052960620010054936e-03
4.038185203125457985e-03
-3.564903772047413322e-02
1.353806511441272729e-03
-1.052960620009949985e-03
-3.450924846200699447e-02
-1.052960620010056020e-03
1.353806511441224590e-03
3.622749517213824655e-02
4.542958353516164845e-03
-1.052960620009924181e-03
4.359516516903935018e-02
-1.052960620009940878e-03
4.542958353516142293e-03
-4.010516743553314833e-02
1.504229457157024198e-03
-1.052960620009747673e-03
-3.846060502667573294e-02
-1.052960620009730543e-03
1.504229457156950039e-03
4.103797509187250003e-02
5.047731503906842214e-03
-1.052960620009776947e-03
4.855606803448940523e-02
-1.052960620009785186e-03
5.047731503906895990e-03
-4.456129715059232999e-02
1.654652402872626915e-03
-1.052960620009752227e-03
-4.241196159134443672e-02
-1.052960620009838963e-03
1.654652402872699556e-03
4.584845501160698250e-02
5.552504654297572492e-03
-1.052960620009850889e-03
5.351697089993966844e-02
-1.052960620009908569e-03
5.552504654297633208e-03
-4.901742686565188634e-02
-2.079042116180479779e-16
-3.533412052735013936e-03
-3.533412052735762036e-03
-3.533412052734964063e-03
-2.839981182894949755e-16
6.147865029698814637e-16
-3.066467897748759589e-16
-3.533412052734879495e-03
-1.126644921283524942e-03
-3.533412052734881230e-03
-2.634218920035223560e-16
-2.406767131451588958e-03
1.504229457155421097e-04
-3.533412052734898143e-03
1.427490812714549313e-03
-3.533412052734828321e-03
1.504229457155378813e-04
-4.810479919733869243e-03
5.047731503904231238e-04
-3.533412052734874291e-03
-5.786701895302075530e-03
-3.533412052734833091e-03
5.047731503903916820e-04
2.758062992957606256e-03
3.008458914311140349e-04
-3.533412052734908118e-03
6.388393678164458640e-03
-3.533412052734897276e-03
3.008458914311971390e-04
-9.620959839468144412e-03
1.009546300781086941e-03
-3.533412052734883832e-03
-1.044675886932073562e-02
-3.533412052734922430e-03
1.009546300781104288e-03
7.922893117366849175e-03
4.512688371469307730e-04
-3.533412052734835693e-03
1.134929654361464119e-02
-3.533412052734932838e-03
4.512688371469912715e-04
-1.443143975920254361e-02
1.514319451171981367e-03
-3.533412052734877760e-03
-1.510681584333928122e-02
-3.533412052734980109e-03
1.514319451171882921e-03
1.308772324177624215e-02
6.016917828626581729e-04
-3.533412052734865184e-03
1.631019940906460602e-02
-3.533412052734925465e-03
6.016917828626215268e-04
-1.924191967893685087e-02
2.019092601562599756e-03
-3.533412052734963629e-03
-1.976687281735786672e-02
-3.533412052734943246e-03
2.019092601562628379e-03
1.825255336618553104e-02
7.521147285784368555e-04
-3.533412052734856510e-03
2.127110227451471311e-02
-3.533412052734882965e-03
7.521147285783822117e-04
-2.405239959867116334e-02
2.523865751953367331e-03
-3.533412052734911588e-03
-2.442692979137627354e-02
-3.533412052734874291e-03
2.523865751953281895e-03
2.341738349059472452e-02
9.025376742940365363e-04
-3.533412052734931971e-03
2.623200513996447672e-02
-3.533412052734864316e-03
9.025376742941177430e-04
-2.886287951840520172e-02
3.028638902343999597e-03
-3.533412052734936307e-03
-2.908698676539475669e-02
-3.533412052735011334e-03
3.028638902344016511e-03
2.858221361500366819e-02
1.052960620009805353e-03
-3.533412052734923731e-03
3.119290800541446931e-02
-3.533412052734963629e-03
1.052960620009773260e-03
-3.367335943813960092e-02
3.533412052734765003e-03
-3.533412052734954088e-03
-3.374704373941342372e-02
-3.533412052734987915e-03
3.533412052734703421e-03
3.374704373941309760e-02
1.203383565725575253e-03
-3.533412052734962762e-03
3.615381087086452783e-02
-3.533412052734998757e-03
1.203383565725517790e-03
-3.848383935787395155e-02
4.038185203125473598e-03
-3.533412052734939343e-03
-3.840710071343199361e-02
-3.533412052734938476e-03
4.038185203125448444e-03
3.891187386382242985e-02
1.353806511441206810e-03
-3.533412052734861714e-03
4.111471373631441634e-02
-3.533412052734886868e-03
1.353806511441208978e-03
-4.329431927760812870e-02
4.542958353516123211e-03
-3.533412052734876459e-03
-4.306715768745043166e-02
-3.533412052734839597e-03
4.542958353516118875e-03
4.407670398823176905e-02
1.504229457156935294e-03
-3.533412052734911154e-03
4.607561660176434648e-02
-3.533412052734912021e-03
1.504229457156899732e-03
-4.810479919734222259e-02
5.047731503907003543e-03
-3.533412052734999625e-03
-4.772721466146918196e-02
-3.533412052734954956e-03
5.047731503906950634e-03
4.924153411264117070e-02
1.654652402872776968e-03
-3.533412052734957124e-03
5.103651946721451255e-02
-3.533412052734949751e-03
1.654652402872717988e-03
-5.291527911707679527e-02
5.552504654297646218e-03
-3.533412052735034319e-03
-5.238727163548800164e-02
-3.533412052735071616e-03
5.552504654297706933e-03
5.440636423705065561e-02
-2.571709008944677178e-16
-1.203383565725521477e-03
1.203383565725783203e-03
-1.203383565725503479e-03
-1.979243645772826199e-16
-8.076370406251934253e-03
-3.170822513614525426e-16
-1.203383565725591733e-03
-1.203383565726376262e-03
-1.203383565725517790e-03
-2.703132898018702844e-16
5.681210300501070266e-16
1.504229457155234072e-04
-1.203383565725554003e-03
-3.456673408292787551e-03
-1.203383565725524296e-03
1.504229457155379626e-04
-2.557190077167426946e-03
5.047731503904999938e-04
-1.203383565725624693e-03
4.466219709073656133e-03
-1.203383565725624910e-03
5.047731503904999938e-04
-5.164830124408804901e-03
3.008458914312272256e-04
-1.203383565725649413e-03
-8.116730382311292818e-03
-1.203383565725662423e-03
3.008458914312654980e-04
2.961990251916735584e-03
1.009546300781131176e-03
-1.203383565725623825e-03
1.013582298387361545e-02
-1.203383565725651364e-03
1.009546300781143536e-03
-1.032966024881810593e-02
4.512688371469598838e-04
-1.203383565725641823e-03
-1.277678735632990781e-02
-1.203383565725619055e-03
4.512688371468889228e-04
8.481170581001090669e-03
1.514319451171889427e-03
-1.203383565725514755e-03
1.580542625867374304e-02
-1.203383565725605177e-03
1.514319451171980283e-03
-1.549449037322743992e-02
6.016917828626079743e-04
-1.203383565725565279e-03
-1.743684433034848810e-02
-1.203383565725656352e-03
6.016917828626795316e-04
1.400035091008545139e-02
2.019092601562630113e-03
-1.203383565725672398e-03
2.147502953347385501e-02
-1.203383565725700153e-03
2.019092601562637920e-03
-2.065932049763695433e-02
7.521147285785188211e-04
-1.203383565725782336e-03
-2.209690130436714126e-02
-1.203383565725732463e-03
7.521147285784564795e-04
1.951953123916965599e-02
2.523865751953353019e-03
-1.203383565725718151e-03
2.714463280827377270e-02
-1.203383565725689528e-03
2.523865751953286666e-03
-2.582415062204610617e-02
9.025376742941780247e-04
-1.203383565725684324e-03
-2.675695827838535726e-02
-1.203383565725720753e-03
9.025376742941692426e-04
2.503871156825388661e-02
3.028638902343993959e-03
-1.203383565725636402e-03
3.281423608307343365e-02
-1.203383565725673482e-03
3.028638902343997862e-03
-3.098898074645512271e-02
1.052960620009719267e-03
-1.203383565725673265e-03
-3.141701525240405551e-02
-1.203383565725692347e-03
1.052960620009681754e-03
3.055789189733805478e-02
3.533412052734715997e-03
-1.203383565725619272e-03
3.848383935787350052e-02
-1.203383565725689962e-03
3.533412052734631430e-03
-3.615381087086447925e-02
1.203383565725563761e-03
-1.203383565725704490e-03
-3.607707222642275724e-02
-1.203383565725640739e-03
1.203383565725516923e-03
3.607707222642227152e-02
4.038185203125421556e-03
-1.203383565725671964e-03
4.415344263267353964e-02
-1.203383565725630547e-03
4.038185203125376453e-03
-4.131864099527378376e-02
1.353806511441234999e-03
-1.203383565725656785e-03
-4.073712920044124386e-02
-1.203383565725657653e-03
1.353806511441197269e-03
4.159625255550676581e-02
4.542958353516149232e-03
-1.203383565725626861e-03
4.982304590747355794e-02
-1.203383565725618404e-03
4.542958353516118875e-03
-4.648347111968305356e-02
1.504229457156932041e-03
-1.203383565725548365e-03
-4.539718617445975130e-02
-1.203383565725590649e-03
1.504229457157000996e-03
4.711543288459090623e-02
5.047731503906898592e-03
-1.203383565725612333e-03
5.549264918227376359e-02
-1.203383565725593251e-03
5.047731503906956706e-03
-5.164830124409228174e-02
1.654652402872637974e-03
-1.203383565725608647e-03
-5.005724314847845996e-02
-1.203383565725565062e-03
1.654652402872794316e-03
5.263461321367540746e-02
5.552504654297696525e-03
-1.203383565725594118e-03
6.116225245707385128e-02
-1.203383565725541643e-03
5.552504654297639279e-03
-5.681313136850169032e-02
-2.007622993595825394e-16
-4.038185203125600232e-03
-4.038185203126425961e-03
-4.038185203125610641e-03
-2.158089399980057535e-16
5.952021030232556828e-16
-2.836817380089957747e-16
-4.038185203125621049e-03
-1.330572180242581845e-03
-4.038185203125622784e-03
-2.355724944331593071e-16
-2.707613022883228072e-03
1.504229457155235969e-04
-4.038185203125678295e-03
1.631418071673716155e-03
-4.038185203125605437e-03
1.504229457155520572e-04
-5.519180329083848979e-03
5.047731503904906696e-04
-4.038185203125699979e-03
-6.699329563611241406e-03
-4.038185203125696510e-03
5.047731503905573481e-04
3.165917510876069610e-03
3.008458914311994158e-04
-4.038185203125720796e-03
7.301021346473591557e-03
-4.038185203125652274e-03
3.008458914312052705e-04
-1.103836065816814552e-02
1.009546300781127923e-03
-4.038185203125579416e-03
-1.206808694697995669e-02
-4.038185203125723398e-03
1.009546300781226586e-03
9.039448044635418900e-03
4.512688371468626851e-04
-4.038185203125718194e-03
1.297062462127364715e-02
-4.038185203125739878e-03
4.512688371469423198e-04
-1.655754098725242471e-02
1.514319451171902654e-03
-4.038185203125679162e-03
-1.743684433034834586e-02
-4.038185203125668754e-03
1.514319451171894631e-03
1.491297857839462247e-02
6.016917828627596542e-04
-4.038185203125554262e-03
1.864022789607379729e-02
-4.038185203125678295e-03
6.016917828627136840e-04
-2.207672131633666573e-02
2.019092601562587179e-03
-4.038185203125661815e-03
-2.280560171371691022e-02
-4.038185203125708653e-03
2.019092601562600189e-03
2.078650911215381911e-02
7.521147285784792478e-04
-4.038185203125651407e-03
2.430983117087377396e-02
-4.038185203125701714e-03
7.521147285784726341e-04
-2.759590164542104207e-02
2.523865751953227685e-03
-4.038185203125699112e-03
-2.817435909708546071e-02
-4.038185203125694775e-03
2.523865751953233757e-03
2.666003964591303135e-02
9.025376742940950832e-04
-4.038185203125620182e-03
2.997943444567352858e-02
-4.038185203125616712e-03
9.025376742940636413e-04
-3.311508197450516860e-02
3.028638902343982250e-03
-4.038185203125689571e-03
-3.354311648045399386e-02
-4.038185203125729469e-03
3.028638902343978780e-03
3.253357017967221931e-02
1.052960620009739216e-03
-4.038185203125723398e-03
3.564903772047344627e-02
-4.038185203125745082e-03
1.052960620009769140e-03
-3.863426230358944780e-02
3.533412052734685640e-03
-4.038185203125706918e-03
-3.891187386382241598e-02
-4.038185203125682632e-03
3.533412052734687808e-03
3.840710071343156340e-02
1.203383565725401347e-03
-4.038185203125697377e-03
4.131864099527347844e-02
-4.038185203125680897e-03
1.203383565725478976e-03
-4.415344263267360903e-02
4.038185203125473598e-03
-4.038185203125700846e-03
-4.428063124719121280e-02
-4.038185203125649672e-03
4.038185203125393800e-03
4.428063124719094218e-02
1.353806511441133517e-03
-4.038185203125663550e-03
4.698824427007354532e-02
-4.038185203125634060e-03
1.353806511441138288e-03
-4.967262296175801312e-02
4.542958353516149232e-03
-4.038185203125629723e-03
-4.964938863055973206e-02
-4.038185203125652274e-03
4.542958353516155304e-03
5.015416178095025157e-02
1.504229457156892142e-03
-4.038185203125635794e-03
5.265784754487351504e-02
-4.038185203125614110e-03
1.504229457156918597e-03
-5.519180329084225761e-02
5.047731503907088545e-03
-4.038185203125729469e-03
-5.501814601392831378e-02
-4.038185203125694775e-03
5.047731503907004411e-03
5.602769231470955402e-02
1.654652402872658357e-03
-4.038185203125706918e-03
5.832745081967373457e-02
-4.038185203125602835e-03
1.654652402872658790e-03
-6.071098361992675191e-02
5.552504654297654024e-03
-4.038185203125489210e-03
-6.038690339729665957e-02
-4.038185203125444107e-03
5.552504654297656626e-03
6.190122284846895362e-02
-2.109935878670176819e-16
-1.353806511441221121e-03
1.353806511441672149e-03
-1.353806511441289426e-03
-2.438073739923220870e-16
-9.085916707033387871e-03
-2.033700770402989990e-16
-1.353806511441306773e-03
-1.353806511442160257e-03
-1.353806511441350141e-03
-1.856315228677916976e-16
5.798564006671731712e-16
1.504229457155928232e-04
-1.353806511441287691e-03
-4.014950871926924528e-03
-1.353806511441328457e-03
1.504229457155396431e-04
-2.858035968599063458e-03
5.047731503905298093e-04
-1.353806511441389172e-03
5.024497172707917576e-03
-1.353806511441347973e-03
5.047731503905608175e-04
-5.873530533758710044e-03
3.008458914312493976e-04
-1.353806511441357730e-03
-9.383708255295530529e-03
-1.353806511441378981e-03
3.008458914312088484e-04
3.369844769835380217e-03
1.009546300781194927e-03
-1.353806511441349924e-03
1.140280085685789133e-02
-1.353806511441366404e-03
1.009546300781122936e-03
-1.174706106751805153e-02
4.512688371469677443e-04
-1.353806511441387221e-03
-1.475246563866414173e-02
-1.353806511441385703e-03
4.512688371469469276e-04
9.597725508269617026e-03
1.514319451171835433e-03
-1.353806511441398713e-03
1.778110454100791799e-02
-1.353806511441429722e-03
1.514319451171942336e-03
-1.762059160127746327e-02
6.016917828626459214e-04
-1.353806511441378113e-03
-2.012122302203258467e-02
-1.353806511441446418e-03
6.016917828627076125e-04
1.582560624670373978e-02
2.019092601562659170e-03
-1.353806511441417578e-03
2.415940822515784056e-02
-1.353806511441434926e-03
2.019092601562624475e-03
-2.349412213503659572e-02
7.521147285784801151e-04
-1.353806511441367271e-03
-2.548998040540118373e-02
-1.353806511441422783e-03
7.521147285784513838e-04
2.205348698513797875e-02
2.523865751953363427e-03
-1.353806511441376379e-03
3.053771190930761742e-02
-1.353806511441380499e-03
2.523865751953274089e-03
-2.936765266879582878e-02
9.025376742940813138e-04
-1.353806511441323470e-03
-3.085873778876967871e-02
-1.353806511441409339e-03
9.025376742941238145e-04
2.828136772357208242e-02
3.028638902344005669e-03
-1.353806511441559826e-03
3.691601559345763367e-02
-1.353806511441473523e-03
3.028638902344016944e-03
-3.524118320255500980e-02
1.052960620009784319e-03
-1.353806511441488268e-03
-3.622749517213825349e-02
-1.353806511441436010e-03
1.052960620009732494e-03
3.450924846200639079e-02
3.533412052734749825e-03
-1.353806511441390907e-03
4.329431927760760135e-02
-1.353806511441364453e-03
3.533412052734689977e-03
-4.111471373631439552e-02
1.203383565725450570e-03
-1.353806511441336046e-03
-4.159625255550687684e-02
-1.353806511441299400e-03
1.203383565725443631e-03
4.073712920044086916e-02
4.038185203125464924e-03
-1.353806511441359032e-03
4.967262296175773556e-02
-1.353806511441402183e-03
4.038185203125485741e-03
-4.698824427007371185e-02
1.353806511441151082e-03
-1.353806511441362067e-03
-4.696500993887549325e-02
-1.353806511441344286e-03
1.353806511441105111e-03
4.696500993887517406e-02
4.542958353516149232e-03
-1.353806511441353611e-03
5.605092664590783508e-02
-1.353806511441361200e-03
4.542958353516159641e-03
-5.286177480383298655e-02
1.504229457156938763e-03
-1.353806511441434058e-03
-5.233376732224388761e-02
-1.353806511441417362e-03
1.504229457156970205e-03
5.319289067730954834e-02
5.047731503907016554e-03
-1.353806511441426252e-03
6.242923033005800398e-02
-1.353806511441442949e-03
5.047731503907030431e-03
-5.873530533759234451e-02
1.654652402872713434e-03
-1.353806511441377680e-03
-5.770252470561267055e-02
-1.353806511441391124e-03
1.654652402872790846e-03
5.942077141574376303e-02
5.552504654297712137e-03
-1.353806511441470054e-03
6.880753401420806881e-02
-1.353806511441420397e-03
5.552504654297651422e-03
-6.460883587135171635e-02
-1.929194609195094458e-16
-4.542958353516412910e-03
-4.542958353517217822e-03
-4.542958353516444135e-03
-2.109296557586633303e-16
5.358920488180100088e-16
-1.379793759099010748e-16
-4.542958353516395563e-03
-1.534499439201844964e-03
-4.542958353516421584e-03
-7.871446027074159786e-17
-3.008458914314755730e-03
1.504229457155574240e-04
-4.542958353516420716e-03
1.835345330632859578e-03
-4.542958353516398165e-03
1.504229457154762715e-04
-6.227880738433734173e-03
5.047731503905384829e-04
-4.542958353516384287e-03
-7.611957231920558203e-03
-4.542958353516361736e-03
5.047731503904737561e-04
3.573772028794650491e-03
3.008458914311607098e-04
-4.542958353516352195e-03
8.213649014782912691e-03
-4.542958353516335715e-03
3.008458914312033732e-04
-1.245576147686813621e-02
1.009546300781165654e-03
-4.542958353516361736e-03
-1.368941502463903379e-02
-4.542958353516348725e-03
1.009546300781150475e-03
1.015600297190389668e-02
4.512688371469543002e-04
-4.542958353516427655e-03
1.459195269893293068e-02
-4.542958353516420716e-03
4.512688371469469818e-04
-1.868364221530242897e-02
1.514319451171890511e-03
-4.542958353516357399e-03
-1.976687281735750243e-02
-4.542958353516388624e-03
1.514319451171807895e-03
1.673823391501299065e-02
6.016917828626358383e-04
-4.542958353516280204e-03
2.097025638308286019e-02
-4.542958353516389491e-03
6.016917828626803990e-04
-2.491152295373657080e-02
2.019092601562642256e-03
-4.542958353516398165e-03
-2.584433061007597801e-02
-4.542958353516420716e-03
2.019092601562602358e-03
2.332046485812206554e-02
7.521147285784246040e-04
-4.542958353516322705e-03
2.734856006723284175e-02
-4.542958353516370409e-03
7.521147285783885000e-04
-3.113940369217080284e-02
2.523865751953302712e-03
-4.542958353516392093e-03
-3.192178840279451951e-02
-4.542958353516481432e-03
2.523865751953243298e-03
2.990269580123130350e-02
9.025376742940747002e-04
-4.542958353516409441e-03
3.372686375138261861e-02
-4.542958353516412910e-03
9.025376742940584372e-04
-3.736728443060502447e-02
3.028638902343990490e-03
-4.542958353516381685e-03
-3.799924619551316857e-02
-4.542958353516401634e-03
3.028638902343970974e-03
3.648492674434069410e-02
1.052960620009704956e-03
-4.542958353516391226e-03
4.010516743553255853e-02
-4.542958353516457146e-03
1.052960620009746806e-03
-4.359516516903923916e-02
3.533412052734732911e-03
-4.542958353516436329e-03
-4.407670398823180374e-02
-4.542958353516489238e-03
3.533412052734689977e-03
4.306715768745000839e-02
1.203383565725436475e-03
-4.542958353516511789e-03
4.648347111968280376e-02
-4.542958353516468421e-03
1.203383565725435174e-03
-4.982304590747382161e-02
4.038185203125412015e-03
-4.542958353516399032e-03
-5.015416178095038341e-02
-4.542958353516368675e-03
4.038185203125422423e-03
4.964938863055952389e-02
1.353806511441170380e-03
-4.542958353516292347e-03
5.286177480383269511e-02
-4.542958353516381685e-03
1.353806511441177970e-03
-5.605092664590788365e-02
4.542958353516231632e-03
-4.542958353516355664e-03
-5.623161957366894920e-02
-4.542958353516386022e-03
4.542958353516191733e-03
5.623161957366872021e-02
1.504229457156986251e-03
-4.542958353516386889e-03
5.924007848798291953e-02
-4.542958353516410308e-03
1.504229457157010537e-03
-6.227880738434227181e-02
5.047731503907072932e-03
-4.542958353516392961e-03
-6.230907736638739008e-02
-4.542958353516388624e-03
5.047731503907006145e-03
6.281385051677809694e-02
1.654652402872794316e-03
-4.542958353516426788e-03
6.561838217213296354e-02
-4.542958353516478830e-03
1.654652402872736853e-03
-6.850668812277664610e-02
5.552504654297649687e-03
-4.542958353516448472e-03
-6.838653515910615710e-02
-4.542958353516375614e-03
5.552504654297641014e-03
6.939608145988737653e-02
-1.798798769499969064e-16
-1.504229457157231498e-03
1.504229457157457445e-03
-1.504229457157173818e-03
-2.331416191386124874e-16
-1.009546300781438526e-02
-9.344092877189038594e-17
-1.504229457157174035e-03
-1.504229457157686429e-03
-1.504229457157101393e-03
-8.176044281376267340e-17
4.500058207666634961e-16
1.504229457155174441e-04
-1.504229457157084046e-03
-4.573228335561246687e-03
-1.504229457157081444e-03
1.504229457155060329e-04
-3.158881860030313994e-03
5.047731503905046558e-04
-1.504229457157045015e-03
5.582774636342231062e-03
-1.504229457157154953e-03
5.047731503905205936e-04
-6.582230943108798200e-03
3.008458914312294482e-04
-1.504229457157136305e-03
-1.065068612827984804e-02
-1.504229457157106598e-03
3.008458914312600227e-04
3.777699287753869158e-03
1.009546300781113829e-03
-1.504229457157106814e-03
1.266977872984223485e-02
-1.504229457157095322e-03
1.009546300781165654e-03
-1.316446188621812202e-02
4.512688371470172924e-04
-1.504229457157118307e-03
-1.672814392099837219e-02
-1.504229457157123945e-03
4.512688371469939278e-04
1.071428043553803756e-02
1.514319451171796185e-03
-1.504229457157166879e-03
1.975678282334198191e-02
-1.504229457157208946e-03
1.514319451171828278e-03
-1.974669282932733569e-02
6.016917828626212016e-04
-1.504229457157240605e-03
-2.280560171371668124e-02
-1.504229457157218487e-03
6.016917828626063480e-04
1.765086158332213051e-02
2.019092601562626210e-03
-1.504229457157175770e-03
2.684378691684188856e-02
-1.504229457157145412e-03
2.019092601562638353e-03
-2.632892377243647650e-02
7.521147285783556487e-04
-1.504229457157129583e-03
-2.888305950643527825e-02
-1.504229457157181191e-03
7.521147285783564077e-04
2.458744273110640907e-02
2.523865751953246767e-03
-1.504229457157196369e-03
3.393079101034170847e-02
-1.504229457157163410e-03
2.523865751953170439e-03
-3.291115471554573874e-02
9.025376742940770854e-04
-1.504229457157188780e-03
-3.496051729915385098e-02
-1.504229457157095105e-03
9.025376742940056365e-04
3.152402387889059743e-02
3.028638902343933677e-03
-1.504229457157096189e-03
4.101779510384179900e-02
-1.504229457157141943e-03
3.028638902343980081e-03
-3.949338565865491424e-02
1.052960620009729242e-03
-1.504229457157141726e-03
-4.103797509187250697e-02
-1.504229457157099008e-03
1.052960620009800799e-03
3.846060502667474068e-02
3.533412052734679135e-03
-1.504229457157058242e-03
4.810479919734177850e-02
-1.504229457157024415e-03
3.533412052734629695e-03
-4.607561660176420770e-02
1.203383565725399829e-03
-1.504229457157121993e-03
-4.711543288459121848e-02
-1.504229457157106381e-03
1.203383565725412840e-03
4.539718617445930027e-02
4.038185203125366912e-03
-1.504229457157098574e-03
5.519180329084200781e-02
-1.504229457157086648e-03
4.038185203125352167e-03
-5.265784754487370239e-02
1.353806511441221338e-03
-1.504229457157020729e-03
-5.319289067730961773e-02
-1.504229457157042846e-03
1.353806511441214182e-03
5.233376732224363781e-02
4.542958353516170049e-03
-1.504229457157018343e-03
6.227880738434190405e-02
-1.504229457157038076e-03
4.542958353516144028e-03
-5.924007848798282239e-02
1.504229457156995358e-03
-1.504229457157010320e-03
-5.927034847002808637e-02
-1.504229457157068217e-03
1.504229457157014874e-03
5.927034847002789902e-02
5.047731503907006145e-03
-1.504229457156996443e-03
6.936581147784202928e-02
-1.504229457156966519e-03
5.047731503906903797e-03
-6.582230943109201871e-02
1.654652402872822288e-03
-1.504229457156983866e-03
-6.534780626274681870e-02
-1.504229457157077541e-03
1.654652402872862620e-03
6.620692961781217412e-02
5.552504654297612391e-03
-1.504229457157047617e-03
7.645281557134203654e-02
-1.504229457157035691e-03
5.552504654297604585e-03
-7.240454037420149258e-02
-2.168703739017016928e-16
-5.047731503906970583e-03
-5.047731503907598553e-03
-5.047731503906998339e-03
-1.402594142080547148e-16
4.569803619725438504e-16
-1.031068553253200126e-16
-5.047731503907078136e-03
-1.738426698161221274e-03
-5.047731503907083341e-03
-1.623457535139488709e-16
-3.309304805746058308e-03
1.504229457154664324e-04
-5.047731503907032166e-03
2.039272589592257788e-03
-5.047731503907060789e-03
1.504229457155309966e-04
-6.936581147783772022e-03
5.047731503905084505e-04
-5.047731503906975788e-03
-8.524584900229717141e-03
-5.047731503907069463e-03
5.047731503904939222e-04
3.981626546713146371e-03
3.008458914312812731e-04
-5.047731503907094616e-03
9.126276683092246836e-03
-5.047731503907079871e-03
3.008458914312581796e-04
-1.387316229556811824e-02
1.009546300781148306e-03
-5.047731503907099820e-03
-1.531074310229815598e-02
-5.047731503907107627e-03
1.009546300781155028e-03
1.127255789917221487e-02
4.512688371470142024e-04
-5.047731503907130178e-03
1.621328077659213787e-02
-5.047731503907160536e-03
4.512688371469955541e-04
-2.080974344335228404e-02
1.514319451171903738e-03
-5.047731503907212577e-03
-2.209690130436664512e-02
-5.047731503907177016e-03
1.514319451171932578e-03
1.856348925163142649e-02
6.016917828626202258e-04
-5.047731503907211710e-03
2.330028487009190574e-02
-5.047731503907145791e-03
6.016917828625874829e-04
-2.774632459113643423e-02
2.019092601562600189e-03
-5.047731503907137984e-03
-2.888305950643524703e-02
-5.047731503907159668e-03
2.019092601562563760e-03
2.585442060409065199e-02
7.521147285782964513e-04
-5.047731503907174413e-03
3.038728896359184015e-02
-5.047731503907083341e-03
7.521147285782699967e-04
-3.468290573892066075e-02
2.523865751953212940e-03
-5.047731503907150995e-03
-3.566921770850381423e-02
-5.047731503907136250e-03
2.523865751953181281e-03
3.314535195654987054e-02
9.025376742939348381e-04
-5.047731503907183087e-03
3.747429305709173986e-02
-5.047731503907149260e-03
9.025376742939418854e-04
-4.161948688670492197e-02
3.028638902343932376e-03
-5.047731503907225588e-03
-4.245537591057216981e-02
-5.047731503907182220e-03
3.028638902344042965e-03
4.043628330900909257e-02
1.052960620009707124e-03
-5.047731503907255945e-03
4.456129715059169855e-02
-5.047731503907184822e-03
1.052960620009766105e-03
-4.855606803448917624e-02
3.533412052734626659e-03
-5.047731503907212577e-03
-4.924153411264099028e-02
-5.047731503907194363e-03
3.533412052734670461e-03
4.772721466146843255e-02
1.203383565725385951e-03
-5.047731503907151862e-03
5.164830124409195561e-02
-5.047731503907150995e-03
1.203383565725393541e-03
-5.549264918227360399e-02
4.038185203125314003e-03
-5.047731503907116300e-03
-5.602769231470944300e-02
-5.047731503907039105e-03
4.038185203125309666e-03
5.501814601392788356e-02
1.353806511441158671e-03
-5.047731503907033034e-03
5.873530533759185879e-02
-5.047731503907019156e-03
1.353806511441186643e-03
-6.242923033005765704e-02
4.542958353516156171e-03
-5.047731503907056452e-03
-6.281385051677797204e-02
-5.047731503907020890e-03
4.542958353516144895e-03
6.230907736638711253e-02
1.504229457157028969e-03
-5.047731503907055585e-03
6.582230943109186605e-02
-5.047731503907035636e-03
1.504229457156987335e-03
-6.936581147784191825e-02
5.047731503907043442e-03
-5.047731503906983594e-03
-6.960000871884640394e-02
-5.047731503907036503e-03
5.047731503907002676e-03
6.960000871884632068e-02
1.654652402872839852e-03
-5.047731503906975788e-03
7.290931352459205372e-02
-5.047731503907000941e-03
1.654652402872785208e-03
-7.630239262562628355e-02
5.552504654297595044e-03
-5.047731503907046911e-03
-7.638616692091518279e-02
-5.047731503907065993e-03
5.552504654297670504e-03
7.689094007130579944e-02
-7.706590522060386569e-17
-1.654652402872853947e-03
1.654652402873090303e-03
-1.654652402872848309e-03
-1.302013761304256712e-16
-1.110500930859586836e-02
-1.307759356556472158e-16
-1.654652402872893412e-03
-1.654652402873413178e-03
-1.654652402872905988e-03
-1.884584296326489445e-16
4.299031198120226550e-16
1.504229457155333276e-04
-1.654652402872852429e-03
-5.131505799195513334e-03
-1.654652402872808410e-03
1.504229457155414592e-04
-3.459727751461813463e-03
5.047731503904935970e-04
-1.654652402872834865e-03
6.141052099976483832e-03
-1.654652402872829661e-03
5.047731503905083421e-04
-7.290931352458842121e-03
3.008458914313206839e-04
-1.654652402872918999e-03
-1.191766400126395738e-02
-1.654652402872855031e-03
3.008458914313355374e-04
4.185553805672257918e-03
1.009546300781201432e-03
-1.654652402872871511e-03
1.393675660282629389e-02
-1.654652402872881052e-03
1.009546300781179315e-03
-1.458186270491797394e-02
4.512688371470242855e-04
-1.654652402872807760e-03
-1.870382220333238060e-02
-1.654652402872862837e-03
4.512688371469704006e-04
1.183083536280648239e-02
1.514319451171899185e-03
-1.654652402872968222e-03
2.173246110567626441e-02
-1.654652402872900784e-03
1.514319451171929542e-03
-2.187279405737721158e-02
6.016917828625644978e-04
-1.654652402872935696e-03
-2.548998040540093393e-02
-1.654652402872922251e-03
6.016917828625063846e-04
1.947611691994080921e-02
2.019092601562575036e-03
-1.654652402873003783e-03
2.952816560852617248e-02
-1.654652402872958030e-03
2.019092601562585878e-03
-2.916372540983642667e-02
7.521147285782340012e-04
-1.654652402872920950e-03
-3.227613860746957053e-02
-1.654652402872843105e-03
7.521147285782213161e-04
2.712139847707500592e-02
2.523865751953223782e-03
-1.654652402872879317e-03
3.732387011137599381e-02
-1.654652402872908590e-03
2.523865751953242430e-03
-3.645465676229565216e-02
9.025376742938932047e-04
-1.654652402872872161e-03
-3.906229680953796080e-02
-1.654652402872925938e-03
9.025376742939405844e-04
3.476668003420915060e-02
3.028638902344029087e-03
-1.654652402872908807e-03
4.511957461422600596e-02
-1.654652402872900351e-03
3.028638902343997429e-03
-4.374558811475484643e-02
1.052960620009776513e-03
-1.654652402872884738e-03
-4.584845501160658005e-02
-1.654652402872786943e-03
1.052960620009657684e-03
4.241196159134343752e-02
3.533412052734658752e-03
-1.654652402872795617e-03
5.291527911707600423e-02
-1.654652402872833781e-03
3.533412052734670027e-03
-5.103651946721408927e-02
1.203383565725410021e-03
-1.654652402872837684e-03
-5.263461321367534501e-02
-1.654652402872766777e-03
1.203383565725341499e-03
5.005724314847789097e-02
4.038185203125294054e-03
-1.654652402872772415e-03
6.071098361992603026e-02
-1.654652402872750731e-03
4.038185203125385994e-03
-5.832745081967334599e-02
1.353806511441173633e-03
-1.654652402872758537e-03
-5.942077141574381161e-02
-1.654652402872751598e-03
1.353806511441154768e-03
5.770252470561196279e-02
4.542958353516131885e-03
-1.654652402872782389e-03
6.850668812277603548e-02
-1.654652402872862837e-03
4.542958353516135354e-03
-6.561838217213271374e-02
1.504229457157027451e-03
-1.654652402872842671e-03
-6.620692961781216024e-02
-1.654652402872794532e-03
1.504229457156945051e-03
6.534780626274620807e-02
5.047731503906955838e-03
-1.654652402872809711e-03
7.630239262562611702e-02
-1.654652402872800604e-03
5.047731503906989665e-03
-7.290931352459191495e-02
1.654652402872796701e-03
-1.654652402872743141e-03
-7.299308781988089745e-02
-1.654652402872678740e-03
1.654652402872759621e-03
7.299308781988056438e-02
5.552504654297598513e-03
-1.654652402872660742e-03
8.409809712847619856e-02
-1.654652402872661609e-03
5.552504654297608921e-03
-8.020024487705118554e-02
-1.008089523362029150e-16
-5.552504654297635810e-03
-5.552504654298213473e-03
-5.552504654297705199e-03
-9.607281164710682379e-17
4.761560583000335919e-16
-1.553334229504648222e-16
-5.552504654297671371e-03
-1.942353957120341278e-03
-5.552504654297736424e-03
-2.071966107037156850e-16
-3.610150697177530888e-03
1.504229457156363269e-04
-5.552504654297698260e-03
2.243199848551549747e-03
-5.552504654297789333e-03
1.504229457156509365e-04
-7.645281557133690176e-03
5.047731503905620101e-04
-5.552504654297831833e-03
-9.437212568538740770e-03
-5.552504654297832701e-03
5.047731503905251473e-04
4.389481064631437987e-03
3.008458914312942835e-04
-5.552504654297844844e-03
1.003890435140141271e-02
-5.552504654297795404e-03
3.008458914313334774e-04
-1.529056311426787475e-02
1.009546300781135079e-03
-5.552504654297761577e-03
-1.693207117995735797e-02
-5.552504654297778924e-03
1.009546300781135946e-03
1.238911282644075511e-02
4.512688371469452471e-04
-5.552504654297789333e-03
1.783460885425126527e-02
-5.552504654297771118e-03
4.512688371469615102e-04
-2.293584467140207320e-02
1.514319451171836734e-03
-5.552504654297804945e-03
-2.442692979137608966e-02
-5.552504654297805813e-03
1.514319451171853865e-03
2.038874458825010866e-02
6.016917828625140824e-04
-5.552504654297799741e-03
2.563031335710112477e-02
-5.552504654297847446e-03
6.016917828625340317e-04
-3.058112622853644338e-02
2.019092601562603225e-03
-5.552504654297796272e-03
-3.192178840279458196e-02
-5.552504654297796272e-03
2.019092601562665241e-03
2.838837635005957497e-02
7.521147285781794659e-04
-5.552504654297789333e-03
3.342601785995102243e-02
-5.552504654297819690e-03
7.521147285782010415e-04
-3.822640778567058112e-02
2.523865751953293171e-03
-5.552504654297839640e-03
-3.941664701421308120e-02
-5.552504654297850915e-03
2.523865751953239395e-03
3.638800811186845841e-02
9.025376742939366813e-04
-5.552504654297877804e-03
4.122172236280098601e-02
-5.552504654297841374e-03
9.025376742939683400e-04
-4.587168934280481947e-02
3.028638902343933244e-03
-5.552504654297838772e-03
-4.691150562563158044e-02
-5.552504654297797139e-03
3.028638902343969239e-03
4.438763987367775471e-02
1.052960620009681537e-03
-5.552504654297795404e-03
4.901742686565087326e-02
-5.552504654297795404e-03
1.052960620009693463e-03
-5.351697089993901618e-02
3.533412052734578954e-03
-5.552504654297815354e-03
-5.440636423705038499e-02
-5.552504654297770251e-03
3.533412052734688676e-03
5.238727163548718979e-02
1.203383565725373592e-03
-5.552504654297830099e-03
5.681313136850105888e-02
-5.552504654297796272e-03
1.203383565725332826e-03
-6.116225245707351821e-02
4.038185203125410280e-03
-5.552504654297788465e-03
-6.190122284846866219e-02
-5.552504654297803210e-03
4.038185203125441505e-03
6.038690339729629181e-02
1.353806511441217868e-03
-5.552504654297784129e-03
6.460883587135091144e-02
-5.552504654297860456e-03
1.353806511441195317e-03
-6.880753401420763860e-02
4.542958353516124079e-03
-5.552504654297880406e-03
-6.939608145988711285e-02
-5.552504654297829231e-03
4.542958353516124946e-03
6.838653515910539382e-02
1.504229457157056074e-03
-5.552504654297856120e-03
7.240454037420107625e-02
-5.552504654297877804e-03
1.504229457157064097e-03
-7.645281557134196715e-02
5.047731503907007013e-03
-5.552504654297808415e-03
-7.689094007130564679e-02
-5.552504654297805813e-03
5.047731503907059054e-03
7.638616692091497462e-02
1.654652402872739889e-03
-5.552504654297845711e-03
8.020024487705104677e-02
-5.552504654297777190e-03
1.654652402872749646e-03
-8.409809712847619856e-02
5.552504654297665300e-03
-5.552504654297764179e-03
-8.438579868272381990e-02
-5.552504654297672239e-03
5.552504654297598513e-03
8.438579868272383377e-02
1.805075348588352146e-03
1.634205348496576100e-16
1.805075348588403104e-03
-1.805075348586764874e-03
1.805075348588406356e-03
3.429324948025402047e-16
1.805075348588504802e-03
1.805075348586881534e-03
1.805075348588482467e-03
-1.504229457155315929e-04
1.805075348588496996e-03
5.689783262832122726e-03
1.805075348588393780e-03
-5.047731503909557924e-04
1.805075348588424354e-03
-6.699329563614076812e-03
1.805075348588362988e-03
-3.008458914313734303e-04
1.805075348588389876e-03
1.318464187425053696e-02
1.805075348588358868e-03
-1.009546300781601503e-03
1.805075348588459265e-03
-1.520373447581357951e-02
1.805075348588440834e-03
-4.512688371467344782e-04
1.805075348588493743e-03
2.067950048566897028e-02
1.805075348588558578e-03
-1.514319451172044034e-03
1.805075348588482034e-03
-2.370813938801307960e-02
1.805075348588531040e-03
-6.016917828624519576e-04
1.805075348588539279e-03
2.817435909708740360e-02
1.805075348588555543e-03
-2.019092601562856495e-03
1.805075348588601730e-03
-3.221254430021325971e-02
1.805075348588580696e-03
-7.521147285780454585e-04
1.805075348588543616e-03
3.566921770850536855e-02
1.805075348588553808e-03
-2.523865751953393351e-03
1.805075348588627967e-03
-4.071694921241219428e-02
1.805075348588575275e-03
-9.025376742941117799e-04
1.805075348588541882e-03
4.316407631992312532e-02
1.805075348588550338e-03
-3.028638902344111053e-03
1.805075348588486154e-03
-4.922135412461128151e-02
1.805075348588452110e-03
-1.052960620009810774e-03
1.805075348588474227e-03
5.065893493134130537e-02
1.805075348588437581e-03
-3.533412052735055136e-03
1.805075348588447990e-03
-5.772575903681160386e-02
1.805075348588554458e-03
-1.203383565725458376e-03
1.805075348588572022e-03
5.815379354275979074e-02
1.805075348588573540e-03
-4.038185203125398137e-03
1.805075348588539279e-03
-6.623016394901068415e-02
1.805075348588482684e-03
-1.353806511441420181e-03
1.805075348588475528e-03
6.564865215417821365e-02
1.805075348588513692e-03
-4.542958353516426788e-03
1.805075348588554025e-03
-7.473456886121127019e-02
1.805075348588553157e-03
-1.504229457157038510e-03
1.805075348588542532e-03
7.314351076559655329e-02
1.805075348588610186e-03
-5.047731503907188291e-03
1.805075348588632955e-03
-8.323897377341082926e-02
1.805075348588622546e-03
-1.654652402872645129e-03
1.805075348588648133e-03
8.063836937701479579e-02
1.805075348588590454e-03
-5.552504654297766781e-03
1.805075348588621462e-03
-9.174337868561015241e-02
-1.360304430557837494e-16
-1.805075348588446905e-03
1.805075348588900319e-03
-1.805075348588462952e-03
-2.710188787756456894e-16
-1.805075348588454061e-03
-1.805075348589181344e-03
-1.805075348588451459e-03
1.504229457156454342e-04
-1.805075348588501116e-03
-5.689783262829499824e-03
-1.805075348588528871e-03
5.047731503905182084e-04
-1.805075348588486154e-03
6.699329563610477260e-03
-1.805075348588525402e-03
3.008458914313155339e-04
-1.805075348588557060e-03
-1.318464187424810488e-02
-1.805075348588506753e-03
1.009546300781103854e-03
-1.805075348588514560e-03
1.520373447581032343e-02
-1.805075348588439967e-03
4.512688371470028725e-04
-1.805075348588430209e-03
-2.067950048566670126e-02
-1.805075348588459049e-03
1.514319451171823724e-03
-1.805075348588485503e-03
2.370813938801037343e-02
-1.805075348588462301e-03
6.016917828625344654e-04
-1.805075348588536461e-03
-2.817435909708537745e-02
-1.805075348588497429e-03
2.019092601562703839e-03
-1.805075348588533858e-03
3.221254430021082416e-02
-1.805075348588555326e-03
7.521147285781564808e-04
-1.805075348588542966e-03
-3.566921770850379342e-02
-1.805075348588532124e-03
2.523865751953272788e-03
-1.805075348588499598e-03
4.071694921241017506e-02
-1.805075348588524534e-03
9.025376742939722431e-04
-1.805075348588513475e-03
-4.316407631992223021e-02
-1.805075348588533858e-03
3.028638902344005235e-03
-1.805075348588460350e-03
4.922135412461031700e-02
-1.805075348588549254e-03
1.052960620009681970e-03
-1.805075348588539496e-03
-5.065893493134097925e-02
-1.805075348588464686e-03
3.533412052734696048e-03
-1.805075348588562481e-03
5.772575903681054221e-02
-1.805075348588602597e-03
1.203383565725373808e-03
-1.805075348588586984e-03
-5.815379354275950624e-02
-1.805075348588595658e-03
4.038185203125431964e-03
-1.805075348588633171e-03
6.623016394901039272e-02
-1.805075348588591972e-03
1.353806511441135035e-03
-1.805075348588610403e-03
-6.564865215417786670e-02
-1.805075348588572456e-03
4.542958353516210815e-03
-1.805075348588565300e-03
7.473456886120993792e-02
-1.805075348588488539e-03
1.504229457157155820e-03
-1.805075348588572022e-03
-7.314351076559638676e-02
-1.805075348588541882e-03
5.047731503907062524e-03
-1.805075348588502633e-03
8.323897377341055170e-02
-1.805075348588502417e-03
1.654652402872630384e-03
-1.805075348588459265e-03
-8.063836937701486518e-02
-1.805075348588514126e-03
5.552504654297556012e-03
-1.805075348588527353e-03
9.174337868560998588e-02
-1.805075348588549471e-03
1.805075348588594791e-03
-1.805075348588501983e-03
