0.000000000000000000e+00
0.000000000000000000e+00
0.000000000000000000e+00
0.000000000000000000e+00
1.788375063154538535e-17
-9.941398941019451777e-17
-1.712469363126837077e-02
-1.592698587315776557e-16
-3.424938726253688726e-02
-7.127786044992891254e-17
-1.712469363126841587e-02
1.712469363126846791e-02
-3.424938726253692195e-02
1.970688632400372913e-17
-3.424938726253674154e-02
-8.713612071975313304e-17
-3.424938726253700522e-02
-5.096692352626633143e-17
-5.137408089380567089e-02
-5.977626662954917226e-17
-6.849877452507457942e-02
1.850522853665796219e-16
-5.137408089380573334e-02
1.712469363126876976e-02
-6.849877452507441289e-02
2.394720702900186930e-16
-6.849877452507392717e-02
3.165639768612030046e-16
-6.849877452507426023e-02
-1.676865614960644244e-16
-8.562346815634271080e-02
2.494145612967129026e-16
-1.027481617876113001e-01
6.628482787149097682e-17
-8.562346815634261366e-02
1.712469363126882874e-02
-1.027481617876110226e-01
2.099015405931936584e-16
-1.027481617876109810e-01
1.335737076502141463e-16
-1.027481617876111614e-01
9.714451465470119729e-17
-1.198728554188797230e-01
-5.377642775528101993e-17
-1.369975490501483817e-01
1.058181320345852328e-16
-1.198728554188798479e-01
1.712469363126883914e-02
1.231653667943533037e-16
1.712469363126858241e-02
-1.712469363126858934e-02
1.712469363126854424e-02
2.636779683484746784e-16
3.424938726253717869e-02
-1.712469363126843669e-02
1.712469363126861710e-02
-1.712469363126827709e-02
1.712469363126855465e-02
-1.712469363126841240e-02
1.712469363126836730e-02
-3.424938726253710930e-02
1.712469363126856506e-02
-5.137408089380580967e-02
1.712469363126861016e-02
-3.424938726253699828e-02
3.424938726253708154e-02
-5.137408089380571252e-02
1.712469363126855812e-02
-5.137408089380553211e-02
1.712469363126852689e-02
-5.137408089380567783e-02
1.712469363126856159e-02
-6.849877452507438513e-02
1.712469363126843669e-02
-8.562346815634300223e-02
1.712469363126857894e-02
-6.849877452507416309e-02
3.424938726253724114e-02
-8.562346815634282182e-02
1.712469363126883568e-02
-8.562346815634255814e-02
1.712469363126875935e-02
-8.562346815634276631e-02
1.712469363126858241e-02
-1.027481617876110920e-01
1.712469363126895711e-02
-1.198728554188796674e-01
1.712469363126883221e-02
-1.027481617876112308e-01
3.424938726253717175e-02
-1.198728554188798479e-01
1.712469363126879404e-02
-1.198728554188796952e-01
1.712469363126874894e-02
-1.198728554188796119e-01
1.712469363126897792e-02
2.983724378680108202e-16
3.424938726253697746e-02
3.157196726277788912e-16
3.424938726253698440e-02
3.608224830031758756e-16
3.424938726253699134e-02
-1.712469363126862751e-02
3.424938726253688726e-02
-3.424938726253712318e-02
3.424938726253694277e-02
-1.712469363126846097e-02
5.137408089380555987e-02
-3.424938726253697052e-02
3.424938726253719257e-02
-3.424938726253720644e-02
3.424938726253709542e-02
-3.424938726253707461e-02
3.424938726253699828e-02
-5.137408089380590681e-02
3.424938726253717869e-02
-6.849877452507430187e-02
3.424938726253715093e-02
-5.137408089380575416e-02
5.137408089380567089e-02
-6.849877452507414921e-02
3.424938726253696358e-02
-6.849877452507405207e-02
3.424938726253724114e-02
-6.849877452507416309e-02
3.424938726253710930e-02
-8.562346815634280794e-02
3.424938726253721338e-02
-1.027481617876113557e-01
3.424938726253723420e-02
-8.562346815634278019e-02
5.137408089380590681e-02
-1.027481617876111891e-01
3.424938726253724808e-02
-1.027481617876112585e-01
3.424938726253718563e-02
-1.027481617876112585e-01
3.424938726253730359e-02
-1.198728554188797923e-01
3.424938726253713706e-02
-1.369975490501479931e-01
3.424938726253725502e-02
-1.198728554188797368e-01
5.137408089380568477e-02
2.307182223049153436e-16
5.137408089380577497e-02
-1.712469363126838812e-02
5.137408089380565701e-02
-1.387778780781445676e-17
6.849877452507399656e-02
-1.712469363126840199e-02
5.137408089380554599e-02
-1.712469363126847832e-02
5.137408089380562926e-02
-1.712469363126848873e-02
5.137408089380579579e-02
-3.424938726253702603e-02
5.137408089380582354e-02
-5.137408089380571946e-02
5.137408089380564313e-02
-3.424938726253715787e-02
6.849877452507413533e-02
-5.137408089380570558e-02
5.137408089380565701e-02
-5.137408089380572640e-02
5.137408089380564313e-02
-5.137408089380576109e-02
5.137408089380569171e-02
-6.849877452507427411e-02
5.137408089380576109e-02
-8.562346815634296060e-02
5.137408089380580967e-02
-6.849877452507439901e-02
6.849877452507423248e-02
-8.562346815634276631e-02
5.137408089380594844e-02
-8.562346815634278019e-02
5.137408089380585130e-02
-8.562346815634284958e-02
5.137408089380579579e-02
-1.027481617876110920e-01
5.137408089380568477e-02
-1.198728554188796952e-01
5.137408089380577497e-02
-1.027481617876112308e-01
6.849877452507424636e-02
-1.198728554188796952e-01
5.137408089380575416e-02
-1.198728554188796397e-01
5.137408089380575416e-02
-1.198728554188797507e-01
5.137408089380571252e-02
-1.369975490501485482e-01
2.220446049250313081e-16
-1.369975490501485205e-01
-3.989863994746656317e-17
-1.369975490501484094e-01
1.712469363126856159e-02
-1.369975490501480764e-01
3.424938726253708154e-02
-1.369975490501481041e-01
3.424938726253726889e-02
-1.369975490501480764e-01
3.424938726253718563e-02
-1.369975490501482152e-01
5.137408089380582354e-02
-1.369975490501482984e-01
6.849877452507417697e-02
1.040834085586084257e-16
6.849877452507438513e-02
1.214306433183764966e-17
6.849877452507435738e-02
-1.712469363126830485e-02
6.849877452507439901e-02
-3.424938726253697052e-02
6.849877452507441289e-02
-3.424938726253703297e-02
6.849877452507448228e-02
-3.424938726253722032e-02
6.849877452507432962e-02
-5.137408089380562926e-02
6.849877452507437126e-02
-6.849877452507414921e-02
6.849877452507421860e-02
-6.849877452507439901e-02
6.849877452507403819e-02
-6.849877452507444064e-02
6.849877452507417697e-02
-8.562346815634289121e-02
6.849877452507438513e-02
-1.027481617876112863e-01
6.849877452507421860e-02
-1.027481617876114528e-01
6.849877452507419084e-02
-1.027481617876112724e-01
6.849877452507423248e-02
-1.198728554188799311e-01
6.849877452507412146e-02
-1.369975490501483539e-01
6.849877452507407982e-02
-1.369975490501484094e-01
6.849877452507399656e-02
