1.322396926803580380e-17
-1.313827696577556323e-17
-6.111281901525469212e-02
-1.222256380305091622e-01
6.111281901525482396e-02
-1.222256380305093842e-01
6.111281901525463661e-02
-1.222256380305092732e-01
-1.442274747182225723e-16
1.190129476821349813e-01
1.158002573337604396e-01
-1.190129476821346760e-01
2.380258953642699071e-01
-5.790012866688015042e-02
1.158002573337603563e-01
2.503837576341181394e-17
-5.822956401380820213e-02
-6.588706938560122362e-04
5.822956401380811886e-02
-1.164591280276164736e-01
-6.078338366832636286e-02
-6.588706938559756986e-04
-1.412586508888700267e-16
3.294353469278523783e-04
-1.213134602382634667e-16
-3.294353469280693813e-04
6.588706938556120572e-04
5.790012866688040716e-02
9.484683158755213337e-17
-1.954849745756327345e-16
-6.681747335372482611e-17
1.314445491419690009e-16
-9.887923813067800438e-17
-2.879640970121499777e-16
-3.294353469281210978e-04
-4.683753385137379155e-17
-1.222256380305094259e-01
4.718447854656915297e-16
6.111281901525446314e-02
-1.222256380305092455e-01
4.510281037539698445e-17
2.983724378680108202e-16
2.380258953642699904e-01
8.326672684688674053e-16
-5.790012866688053206e-02
1.033619209186232013e-01
3.130205352702353921e-02
1.644747399338777061e-01
7.355227538141662080e-16
-1.164591280276162377e-01
7.285838599102589797e-16
-6.078338366832650164e-02
-2.537068931011288164e-02
-6.571774940739064097e-02
-8.327081797699339982e-02
8.673617379884035472e-16
6.588706938558536175e-04
5.169475958410885141e-16
5.790012866688061532e-02
1.952805552569635700e-02
-3.839724035753665915e-02
-4.125532814263030423e-02
3.434752482434078047e-16
-6.245004513516505540e-17
1.179611963664228824e-16
-3.294353469279883914e-04
-2.622462572322716706e-02
5.244925144645430637e-02
3.167550294365333030e-02
-1.526556658859590243e-16
-1.222256380305092593e-01
6.111281901525465049e-02
-8.449820380673700448e-02
4.224910190336840510e-02
4.163336342344337027e-17
-6.111281901525471294e-02
-8.449820380673681020e-02
3.130205352702370575e-02
-1.565102676351186328e-02
-6.505887871353460694e-02
1.547550773872765906e-01
-3.053113317719180486e-16
5.790012866688033777e-02
-6.505887871353478735e-02
-6.571774940739068260e-02
9.397169371895019996e-02
8.382839767297256550e-02
-1.577144561702469860e-01
1.222256380305094536e-01
6.078338366832646000e-02
8.382839767297241285e-02
-3.839724035753687426e-02
-9.981432750336650950e-02
-6.335100588730621651e-02
3.233437363750898963e-02
-2.380258953642701569e-01
-5.790012866688035165e-02
-6.335100588730629978e-02
5.244925144645436188e-02
3.200493829058119466e-02
6.505213034913026604e-17
4.336808689942017736e-17
1.164591280276167790e-01
3.294353469278548177e-04
-5.898059818321144121e-17
-1.734723475976807094e-16
-2.706168622523819067e-16
-6.111281901525454641e-02
-2.463307335887066074e-16
-8.673617379884035472e-18
-4.579669976578770729e-16
-3.330669073875469621e-16
-1.968911145233676052e-16
5.790012866688010879e-02
-6.101157798886158723e-02
1.220231559777228414e-01
-1.221243970041162447e-01
-9.714451465470119729e-17
1.222256380305095230e-01
1.491862189340054101e-16
6.078338366832635592e-02
3.119056396597367359e-02
5.984451009856209258e-02
8.909069263285387952e-02
3.653761321276149943e-17
-2.380258953642702124e-01
2.463307335887066074e-16
-5.790012866688044879e-02
-3.375340163864674892e-02
-1.705190920869767979e-01
2.702998202967966945e-02
2.159730727591124833e-16
1.164591280276165708e-01
3.989863994746656317e-17
3.294353469279615032e-04
1.223327617248615440e-01
-1.282063954221065172e-01
6.443263305798122009e-02
4.423544863740858091e-17
-2.289834988289385365e-16
9.020562075079396891e-17
1.220231559777233687e-01
-6.101157798886157335e-02
-1.006139616066548115e-16
-5.204170427930421283e-17
1.220231559777235214e-01
1.220231559777231328e-01
-6.101157798886159417e-02
-6.238112793194681982e-02
-2.992225504928108445e-02
-1.214306433183764966e-16
1.142749089799721673e-16
-6.238112793194672268e-02
5.984451009856206483e-02
-2.992225504928097690e-02
-5.471883475321542845e-02
8.525954604348817689e-02
-6.765421556309547668e-17
-4.510281037539698445e-17
-5.471883475321543538e-02
-1.705190920869766869e-01
8.525954604348809363e-02
-1.288652661159626345e-01
6.410319771105328635e-02
-9.714451465470119729e-17
-1.526556658859590243e-16
-1.288652661159626067e-01
-1.282063954221066837e-01
6.410319771105325859e-02
9.714451465470119729e-17
-4.510281037539698445e-17
-6.938893903907228378e-17
1.526556658859590243e-16
-2.927345865710861972e-17
-1.231653667943533037e-16
-3.781697177629439466e-16
3.294353469280137617e-04
-6.588706938562872983e-04
-6.588706938564440740e-04
-6.588706938563447611e-04
-6.588706938563029109e-04
-3.294353469281349756e-04
-2.099015405931936584e-16
-1.127570259384924611e-16
6.505213034913026604e-17
6.938893903907228378e-17
8.673617379884035472e-19
-4.770489558936219510e-17
6.938893903907228378e-17
-2.602085213965210642e-16
-2.107689023311820620e-16
-1.040834085586084257e-17
-2.255140518769849223e-16
-9.367506770274758310e-17
1.569924745759010420e-16
