0.000000000000000000e+00
0.000000000000000000e+00
0.000000000000000000e+00
0.000000000000000000e+00
-7.975790340283664057e-03
-6.765421556309547668e-17
-1.595158068056743567e-02
-2.081668171172168513e-17
-1.595158068056731424e-02
-1.144917494144692682e-16
-1.595158068056749812e-02
-1.491862189340054101e-16
-2.392737102085096268e-02
-1.804112415015879378e-16
-3.190316136113481582e-02
-1.353084311261909534e-16
-3.190316136113478807e-02
-1.908195823574487804e-16
-3.190316136113479500e-02
-7.632783294297951215e-17
-3.987895170141845386e-02
-1.734723475976807094e-16
-4.785474204170223067e-02
-1.040834085586084257e-16
-4.785474204170216822e-02
-2.567390744445674500e-16
-4.785474204170233475e-02
-2.012279232133096230e-16
-5.583053238198600055e-02
-2.081668171172168513e-16
-6.380632272226978430e-02
2.775557561562891351e-17
-6.380632272226935409e-02
-1.804112415015879378e-16
-6.380632272226946511e-02
-1.040834085586084257e-16
-7.178211306255312396e-02
-7.806255641895631925e-17
-1.396452398161329711e-16
4.643095803669172739e-17
-7.975790340283665791e-03
7.975790340283707425e-03
-1.595158068056738015e-02
-6.852157730108388023e-17
-2.392737102085110146e-02
7.975790340283513136e-03
-3.190316136113478807e-02
-4.336808689942017736e-17
-3.987895170141853712e-02
7.975790340283580790e-03
-4.785474204170219598e-02
-2.844946500601963635e-16
-5.583053238198599361e-02
7.975790340283648444e-03
-6.380632272226952062e-02
-1.431146867680865853e-16
-7.178211306255329049e-02
7.975790340283901714e-03
3.122502256758252770e-17
7.975790340283612015e-03
-7.975790340283679669e-03
7.975790340283669261e-03
-7.975790340283657118e-03
7.975790340283592933e-03
-7.975790340283584259e-03
7.975790340283613750e-03
-1.595158068056735934e-02
7.975790340283667526e-03
-2.392737102085110146e-02
7.975790340283584259e-03
-2.392737102085097309e-02
7.975790340283596402e-03
-2.392737102085124717e-02
7.975790340283547830e-03
-3.190316136113476725e-02
7.975790340283627627e-03
-3.987895170141841916e-02
7.975790340283589464e-03
-3.987895170141832896e-02
7.975790340283752528e-03
-3.987895170141835671e-02
7.975790340283533952e-03
-4.785474204170213353e-02
7.975790340283575586e-03
-5.583053238198591034e-02
7.975790340283615484e-03
-5.583053238198602136e-02
7.975790340283664057e-03
-5.583053238198588952e-02
7.975790340283436808e-03
-6.380632272226942348e-02
7.975790340283464563e-03
-7.178211306255335988e-02
7.975790340283554769e-03
-7.178211306255337376e-02
7.975790340283610280e-03
8.673617379884035472e-18
1.595158068056719974e-02
-7.975790340283729976e-03
7.975790340283549565e-03
-1.595158068056740097e-02
1.595158068056728995e-02
-2.392737102085102166e-02
7.975790340283679669e-03
-3.190316136113478807e-02
1.595158068056730730e-02
-3.987895170141847467e-02
7.975790340283716098e-03
-4.785474204170216128e-02
1.595158068056733505e-02
-5.583053238198586177e-02
7.975790340283585994e-03
-6.380632272226960389e-02
1.595158068056734199e-02
-7.178211306255319335e-02
7.975790340283589464e-03
2.775557561562891351e-17
1.595158068056736975e-02
2.168404344971008868e-17
1.595158068056730036e-02
-7.975790340283683139e-03
1.595158068056720321e-02
-1.595158068056741832e-02
1.595158068056727954e-02
-1.595158068056739403e-02
1.595158068056729342e-02
-1.595158068056741138e-02
1.595158068056740791e-02
-2.392737102085112921e-02
1.595158068056743567e-02
-3.190316136113473255e-02
1.595158068056741832e-02
-3.190316136113477419e-02
1.595158068056733852e-02
-3.190316136113485052e-02
1.595158068056726219e-02
-3.987895170141858570e-02
1.595158068056737322e-02
-4.785474204170214740e-02
1.595158068056720321e-02
-4.785474204170210577e-02
1.595158068056731077e-02
-4.785474204170226536e-02
1.595158068056736281e-02
-5.583053238198593810e-02
1.595158068056726219e-02
-6.380632272226968715e-02
1.595158068056730383e-02
-6.380632272226967328e-02
1.595158068056728995e-02
-6.380632272226954838e-02
1.595158068056729342e-02
-7.178211306255334601e-02
1.595158068056716158e-02
-6.938893903907228378e-18
1.595158068056726566e-02
-7.975790340283724772e-03
2.392737102085101819e-02
-1.595158068056741138e-02
1.595158068056733505e-02
-2.392737102085114656e-02
2.392737102085115003e-02
-3.190316136113479500e-02
1.595158068056745648e-02
-3.987895170141852325e-02
2.392737102085101819e-02
-4.785474204170231394e-02
1.595158068056728995e-02
-5.583053238198596585e-02
2.392737102085096962e-02
-6.380632272226968715e-02
1.595158068056718587e-02
-7.178211306255335988e-02
2.392737102085108064e-02
4.987329993433320396e-17
2.392737102085103207e-02
-7.975790340283794161e-03
2.392737102085101819e-02
-7.975790340283754262e-03
2.392737102085107023e-02
-7.975790340283703955e-03
2.392737102085101472e-02
-1.595158068056736975e-02
2.392737102085107023e-02
-2.392737102085111187e-02
2.392737102085109105e-02
-2.392737102085114309e-02
2.392737102085109452e-02
-2.392737102085118819e-02
2.392737102085105635e-02
-3.190316136113480194e-02
2.392737102085116391e-02
-3.987895170141841916e-02
2.392737102085113962e-02
-3.987895170141853712e-02
2.392737102085107370e-02
-3.987895170141856488e-02
2.392737102085101125e-02
-4.785474204170213353e-02
2.392737102085106676e-02
-5.583053238198597973e-02
2.392737102085103901e-02
-5.583053238198592422e-02
2.392737102085096268e-02
-5.583053238198594503e-02
2.392737102085099737e-02
-6.380632272226968715e-02
2.392737102085088635e-02
-7.178211306255345703e-02
2.392737102085093492e-02
-7.178211306255337376e-02
2.392737102085087594e-02
2.428612866367529932e-17
3.190316136113473949e-02
-7.975790340283742119e-03
2.392737102085100431e-02
-1.595158068056740444e-02
3.190316136113471868e-02
-2.392737102085107370e-02
2.392737102085108064e-02
-3.190316136113470480e-02
3.190316136113473949e-02
-3.987895170141846080e-02
2.392737102085117085e-02
-4.785474204170222373e-02
3.190316136113467010e-02
-5.583053238198598667e-02
2.392737102085101819e-02
-6.380632272226970103e-02
3.190316136113469092e-02
-7.178211306255348478e-02
2.392737102085092799e-02
-6.830473686658677934e-18
3.190316136113466317e-02
-1.431146867680865853e-16
3.190316136113471174e-02
-7.975790340283761201e-03
3.190316136113471868e-02
-1.595158068056745995e-02
3.190316136113471868e-02
-1.595158068056750506e-02
3.190316136113471868e-02
-1.595158068056738362e-02
3.190316136113483664e-02
-2.392737102085102860e-02
3.190316136113482970e-02
-3.190316136113480194e-02
3.190316136113478113e-02
-3.190316136113472562e-02
3.190316136113480888e-02
-3.190316136113477419e-02
3.190316136113481582e-02
-3.987895170141848161e-02
3.190316136113477419e-02
-4.785474204170211965e-02
3.190316136113478113e-02
-4.785474204170220291e-02
3.190316136113477419e-02
-4.785474204170223067e-02
3.190316136113477419e-02
-5.583053238198591034e-02
3.190316136113476031e-02
-6.380632272226974266e-02
3.190316136113473949e-02
-6.380632272226964552e-02
3.190316136113473949e-02
-6.380632272226972879e-02
3.190316136113469786e-02
-7.178211306255356805e-02
3.190316136113460765e-02
7.632783294297951215e-17
3.190316136113490603e-02
-7.975790340283709159e-03
3.987895170141841916e-02
-1.595158068056749812e-02
3.190316136113485052e-02
-2.392737102085114309e-02
3.987895170141841916e-02
-3.190316136113465623e-02
3.190316136113478807e-02
-3.987895170141843998e-02
3.987895170141850937e-02
-4.785474204170216128e-02
3.190316136113485745e-02
-5.583053238198590340e-02
3.987895170141845386e-02
-6.380632272226975654e-02
3.190316136113476725e-02
-7.178211306255345703e-02
3.987895170141859263e-02
3.744902066400712659e-17
3.987895170141859263e-02
-7.975790340283610280e-03
3.987895170141857182e-02
-7.975790340283710894e-03
3.987895170141854406e-02
-7.975790340283757732e-03
3.987895170141856488e-02
-1.595158068056753281e-02
3.987895170141848855e-02
-2.392737102085116391e-02
3.987895170141851631e-02
-2.392737102085106329e-02
3.987895170141841916e-02
-2.392737102085108064e-02
3.987895170141850243e-02
-3.190316136113473255e-02
3.987895170141849549e-02
-3.987895170141837059e-02
3.987895170141848161e-02
-3.987895170141845386e-02
3.987895170141852325e-02
-3.987895170141843304e-02
3.987895170141853018e-02
-4.785474204170216822e-02
3.987895170141852325e-02
-5.583053238198584789e-02
3.987895170141855794e-02
-5.583053238198590340e-02
3.987895170141848855e-02
-5.583053238198597973e-02
3.987895170141849549e-02
-6.380632272226979818e-02
3.987895170141843998e-02
-7.178211306255360968e-02
3.987895170141851631e-02
-7.178211306255348478e-02
3.987895170141855794e-02
7.285838599102589797e-17
4.785474204170228618e-02
-7.975790340283679669e-03
3.987895170141869672e-02
-1.595158068056739056e-02
4.785474204170219598e-02
-2.392737102085107023e-02
3.987895170141844692e-02
-3.190316136113479500e-02
4.785474204170217516e-02
-3.987895170141847467e-02
3.987895170141856488e-02
-4.785474204170214740e-02
4.785474204170220291e-02
-5.583053238198595891e-02
3.987895170141864121e-02
-6.380632272226975654e-02
4.785474204170216822e-02
-7.178211306255347091e-02
3.987895170141857182e-02
5.811323644522303766e-17
4.785474204170232088e-02
-3.989863994746656317e-17
4.785474204170239720e-02
-7.975790340283679669e-03
4.785474204170236251e-02
-1.595158068056738362e-02
4.785474204170225843e-02
-1.595158068056736628e-02
4.785474204170229312e-02
-1.595158068056742873e-02
4.785474204170223067e-02
-2.392737102085108064e-02
4.785474204170221679e-02
-3.190316136113470480e-02
4.785474204170217516e-02
-3.190316136113478113e-02
4.785474204170222373e-02
-3.190316136113485745e-02
4.785474204170220291e-02
-3.987895170141849549e-02
4.785474204170223067e-02
-4.785474204170217516e-02
4.785474204170224455e-02
-4.785474204170224455e-02
4.785474204170223067e-02
-4.785474204170225149e-02
4.785474204170230700e-02
-5.583053238198587565e-02
4.785474204170230700e-02
-6.380632272226963164e-02
4.785474204170225149e-02
-6.380632272226971491e-02
4.785474204170226536e-02
-6.380632272226979818e-02
4.785474204170231394e-02
-7.178211306255334601e-02
4.785474204170224455e-02
1.457167719820517959e-16
4.785474204170244578e-02
-7.975790340283612015e-03
5.583053238198587565e-02
-1.595158068056737669e-02
4.785474204170227924e-02
-2.392737102085101819e-02
5.583053238198591728e-02
-3.190316136113478807e-02
4.785474204170227230e-02
-3.987895170141846773e-02
5.583053238198591034e-02
-4.785474204170218210e-02
4.785474204170228618e-02
-5.583053238198593810e-02
5.583053238198602830e-02
-6.380632272226967328e-02
4.785474204170236945e-02
-7.178211306255340152e-02
5.583053238198580626e-02
1.509209424099822172e-16
5.583053238198606993e-02
-7.975790340283442012e-03
5.583053238198600055e-02
-7.975790340283559973e-03
5.583053238198598667e-02
-7.975790340283615484e-03
5.583053238198598667e-02
-1.595158068056729689e-02
5.583053238198595197e-02
-2.392737102085096962e-02
5.583053238198590340e-02
-2.392737102085102513e-02
5.583053238198594503e-02
-2.392737102085108758e-02
5.583053238198595891e-02
-3.190316136113480194e-02
5.583053238198591728e-02
-3.987895170141846773e-02
5.583053238198599361e-02
-3.987895170141848855e-02
5.583053238198603524e-02
-3.987895170141854406e-02
5.583053238198597279e-02
-4.785474204170223067e-02
5.583053238198600055e-02
-5.583053238198587565e-02
5.583053238198599361e-02
-5.583053238198594503e-02
5.583053238198603524e-02
-5.583053238198595891e-02
5.583053238198608381e-02
-6.380632272226961776e-02
5.583053238198600055e-02
-7.178211306255326274e-02
5.583053238198601442e-02
-7.178211306255338764e-02
5.583053238198603524e-02
1.877838162744893680e-16
6.380632272226968715e-02
-7.975790340283494054e-03
5.583053238198608381e-02
-1.595158068056718587e-02
6.380632272226961776e-02
-2.392737102085096615e-02
5.583053238198602830e-02
-3.190316136113477419e-02
6.380632272226961776e-02
-3.987895170141852325e-02
5.583053238198600055e-02
-4.785474204170224455e-02
6.380632272226964552e-02
-5.583053238198593116e-02
5.583053238198604912e-02
-6.380632272226957613e-02
6.380632272226968715e-02
-7.178211306255347091e-02
5.583053238198596585e-02
1.817122841085705431e-16
6.380632272226970103e-02
9.302454639925628044e-17
6.380632272226975654e-02
-7.975790340283521809e-03
6.380632272226975654e-02
-1.595158068056708178e-02
6.380632272226972879e-02
-1.595158068056725525e-02
6.380632272226972879e-02
-1.595158068056731077e-02
6.380632272226965940e-02
-2.392737102085094186e-02
6.380632272226967328e-02
-3.190316136113467704e-02
6.380632272226967328e-02
-3.190316136113476725e-02
6.380632272226971491e-02
-3.190316136113486439e-02
6.380632272226970103e-02
-3.987895170141856488e-02
6.380632272226977042e-02
-4.785474204170214046e-02
6.380632272226965940e-02
-4.785474204170222373e-02
6.380632272226968715e-02
-4.785474204170229312e-02
6.380632272226971491e-02
-5.583053238198591034e-02
6.380632272226967328e-02
-6.380632272226960389e-02
6.380632272226967328e-02
-6.380632272226963164e-02
6.380632272226975654e-02
-6.380632272226964552e-02
6.380632272226972879e-02
-7.178211306255330437e-02
6.380632272226972879e-02
2.133709875451472726e-16
6.380632272226979818e-02
-7.975790340283520075e-03
7.178211306255341539e-02
-1.595158068056712342e-02
6.380632272226979818e-02
-2.392737102085099737e-02
7.178211306255341539e-02
-3.190316136113478113e-02
6.380632272226977042e-02
-3.987895170141859263e-02
7.178211306255337376e-02
-4.785474204170222373e-02
6.380632272226971491e-02
-5.583053238198588952e-02
7.178211306255330437e-02
-6.380632272226961776e-02
6.380632272226971491e-02
-7.178211306255330437e-02
7.178211306255327662e-02
1.522219850169648225e-16
7.178211306255347091e-02
-7.975790340283530483e-03
7.178211306255349866e-02
-7.975790340283497523e-03
7.178211306255345703e-02
-7.975790340283551300e-03
7.178211306255352642e-02
-1.595158068056708872e-02
7.178211306255349866e-02
-2.392737102085082390e-02
7.178211306255354029e-02
-2.392737102085097656e-02
7.178211306255349866e-02
-2.392737102085103901e-02
7.178211306255355417e-02
-3.190316136113478113e-02
7.178211306255349866e-02
-3.987895170141841916e-02
7.178211306255348478e-02
-3.987895170141853712e-02
7.178211306255341539e-02
-3.987895170141855100e-02
7.178211306255347091e-02
-4.785474204170223761e-02
7.178211306255341539e-02
-5.583053238198589646e-02
7.178211306255344315e-02
-5.583053238198586871e-02
7.178211306255340152e-02
-5.583053238198595197e-02
7.178211306255333213e-02
-6.380632272226968715e-02
7.178211306255333213e-02
-7.178211306255316559e-02
7.178211306255338764e-02
-7.178211306255323498e-02
7.178211306255340152e-02
