0.000000000000000000e+00
0.000000000000000000e+00
0.000000000000000000e+00
0.000000000000000000e+00
-2.927282065559349070e-02
-9.367506770274758310e-17
-5.854564131118724507e-02
-7.632783294297951215e-17
-5.854564131118704384e-02
-1.249000902703301108e-16
-5.854564131118662057e-02
4.163336342344337027e-17
-8.781846196678011474e-02
0.000000000000000000e+00
-1.170912826223737130e-01
-9.714451465470119729e-17
-1.170912826223733938e-01
-1.665334536937734811e-16
-1.170912826223732273e-01
-4.163336342344337027e-17
-1.463641032779669782e-01
4.163336342344337027e-17
-1.387778780781445676e-17
5.551115123125782702e-17
-2.927282065559346641e-02
2.927282065559352886e-02
-5.854564131118690506e-02
-2.359223927328457648e-16
-8.781846196678019800e-02
2.927282065559354274e-02
-1.170912826223733522e-01
-3.469446951953614189e-16
-1.463641032779670059e-01
2.927282065559361213e-02
-2.220446049250313081e-16
2.927282065559327906e-02
-2.927282065559362600e-02
2.927282065559332763e-02
-2.927282065559340396e-02
2.927282065559317845e-02
-2.927282065559325130e-02
2.927282065559323743e-02
-5.854564131118679404e-02
2.927282065559324437e-02
-8.781846196678030902e-02
2.927282065559329294e-02
-8.781846196678001759e-02
2.927282065559328600e-02
-8.781846196678003147e-02
2.927282065559327906e-02
-1.170912826223736297e-01
2.927282065559325130e-02
-1.463641032779670614e-01
2.927282065559321314e-02
-1.463641032779668394e-01
2.927282065559327906e-02
-1.040834085586084257e-16
5.854564131118678016e-02
-2.927282065559350110e-02
2.927282065559307089e-02
-5.854564131118691894e-02
5.854564131118677323e-02
-8.781846196678005922e-02
2.927282065559297028e-02
-1.170912826223735048e-01
5.854564131118676629e-02
-1.463641032779669504e-01
2.927282065559310212e-02
-1.144917494144692682e-16
5.854564131118673853e-02
-2.775557561562891351e-17
5.854564131118671771e-02
-2.927282065559349417e-02
5.854564131118659975e-02
-5.854564131118714099e-02
5.854564131118663445e-02
-5.854564131118679404e-02
5.854564131118658588e-02
-5.854564131118659975e-02
5.854564131118645404e-02
-8.781846196678008698e-02
5.854564131118658588e-02
-1.170912826223737130e-01
5.854564131118650955e-02
-1.170912826223735326e-01
5.854564131118662751e-02
-1.170912826223733105e-01
5.854564131118654424e-02
-1.463641032779669227e-01
5.854564131118668996e-02
-1.249000902703301108e-16
5.854564131118661363e-02
-2.927282065559348723e-02
8.781846196678012861e-02
-5.854564131118684261e-02
5.854564131118637077e-02
-8.781846196678014249e-02
8.781846196678003147e-02
-1.170912826223734771e-01
5.854564131118637077e-02
-1.463641032779668116e-01
8.781846196678001759e-02
2.775557561562891351e-17
8.781846196678000371e-02
-2.927282065559361213e-02
8.781846196677996208e-02
-2.927282065559355662e-02
8.781846196678003147e-02
-2.927282065559333804e-02
8.781846196677998984e-02
-5.854564131118674547e-02
8.781846196677992045e-02
-8.781846196678026739e-02
8.781846196677992045e-02
-8.781846196678014249e-02
8.781846196677997596e-02
-8.781846196677986494e-02
8.781846196677990657e-02
-1.170912826223734493e-01
8.781846196677990657e-02
-1.463641032779670892e-01
8.781846196677987881e-02
-1.463641032779668394e-01
8.781846196677990657e-02
-3.816391647148975608e-17
1.170912826223735881e-01
-2.927282065559336233e-02
8.781846196677983718e-02
-5.854564131118682874e-02
1.170912826223735326e-01
-8.781846196678011474e-02
8.781846196677980942e-02
-1.170912826223734216e-01
1.170912826223735187e-01
-1.463641032779668394e-01
8.781846196677965677e-02
-9.020562075079396891e-17
1.170912826223734632e-01
1.804112415015879378e-16
1.170912826223733938e-01
-2.927282065559354968e-02
1.170912826223734216e-01
-5.854564131118688425e-02
1.170912826223733105e-01
-5.854564131118682180e-02
1.170912826223732411e-01
-5.854564131118651649e-02
1.170912826223733938e-01
-8.781846196678017025e-02
1.170912826223732967e-01
-1.170912826223735881e-01
1.170912826223732273e-01
-1.170912826223733105e-01
1.170912826223732411e-01
-1.170912826223731995e-01
1.170912826223733522e-01
-1.463641032779669227e-01
1.170912826223734216e-01
